 
 
1 
 
 
 
◆ 
◆ 
◆ 
◆ 
◆ 
◆ 
◆ 
 
3810.68 
5961.36 
10043.17 
14377.24 
18362.95 
2415.79 
3593.12 
6309.35 
9033.74 
11571.20 
43.71 
83.61 
50.22 
71.89 
91.81 
32.73 
30.41 
50.22 
71.89 
91.81 
136.20 
199.70 
301.30 
431.32 
550.89 
227.16 
353.58 
552.37 
790.75 
1009.96 
-4.29 
-13.82 
-25.11 
-35.94 
-45.91 
-59.64 
-60.06 
0.00 
0.00 
0.00 
35.39 
52.22 
0.00 
0.00 
0.00 
-0.30 
0.00 
0.00 
0.00 
0.00 
-286.80 
-413.63 
0.00 
0.00 
0.00 
998.03 
1992.28 
2804.83 
4013.61 
5093.18 
-6.29 
-8.14 
0.00 
0.00 
0.00 
991.74 
1984.15 
2804.83 
4013.61 
5093.18 
139.92 
255.88 
336.58 
481.63 
611.18 
851.82 
1728.26 
2468.25 
3531.97 
4482.00 
-6.34 
16.54 
74.05 
105.96 
134.46 
858.16 
1711.72 
2394.20 
3426.01 
4347.54 
938.46 
1866.95 
7155.33 
10240.35 
14013.86 
0.00 
0.00 
0.00 
0.00 
0.00 
1628.33 
2223.10 
2920.12 
4070.58 
4696.31 
19.27 
20.52 
26.69 
19.27 
20.52 
2580.36 
6050.84 
6567.87 
8488.37 
10796.97 
85.22 
112.18 
112.18 
112.18 
112.18 
824.31 
977.48 
977.48 
977.48 
977.48 
0.00 
0.00 
0.00 
0.00 
0.00 
0.00 
0.00 
0.00 
0.00 
0.00 
1368.54 
2100.88 
1840.78 
1580.67 
1320.56 
220.83 
246.36 
217.15 
187.93 
158.72 
946.60 
1346.24 
-4520.34 
-6747.22 
-9346.39 
10498.17 
16883.75 
22268.78 
27124.60 
32260.38 
22.03 
24.47 
0.00 
0.00 
0.00 
0.00 
0.00 
0.00 
0.00 
0.00 
5153.19 
9563.44 
13016.35 
14857.05 
16166.70 
11.00 
1.55 
1.55 
1.55 
1.55 
82.63 
202.30 
27.35 
27.35 
27.35 
5246.83 
9767.29 
13045.26 
14885.95 
16195.60 
1285.69 
1286.47 
1286.47 
1286.47 
1286.47 
1181.37 
1235.43 
1235.43 
1235.43 
1235.43 
2772.76 
4313.21 
6346.23 
9255.40 
12947.07 
5239.83 
6835.11 
8868.13 
11777.30 
15468.97 
11.51 
281.35 
355.39 
461.35 
595.81 
5251.34 
7116.46 
9223.52 
12238.65 
16064.78 
10498.17 
16883.75 
22268.78 
27124.60 
32260.38 
954.34 
1736.93 
5573.28 
3406.26 
4156.60 
-283.14 
-885.83 
0.00 
0.00 
0.00 
-365.78 
74.78 
-284.90 
-321.23 
-383.09 
305.59 
934.63 
5288.38 
3085.02 
3773.51 
 
