 
 
⚫ 
⚫ 
⚫ 
⚫ 
⚫ 

 

 

 
 
 
 
 
3895.89 
4032.64 
4179.83 
4340.75 
4.6% 
3.5% 
3.7% 
3.9% 
90.30 
95.29 
102.11 
109.69 
10.5% 
5.5% 
7.2% 
7.4% 
23.4% 
24.6% 
24.6% 
24.6% 
0.29 
0.30 
0.33 
0.35 
19.22 
18.21 
16.99 
15.82 
1.05 
1.02 
1.00 
0.97 
0.45 
0.43 
0.42 
0.40 
 
 
 
 
158,808 
301,863 
445,945 
589,654 
389,589 
403,264 
417,983 
434,075 
54,713 
210,221 
347,897 
486,636 
298,346 
304,263 
315,159 
327,293 
57,602 
44,892 
51,061 
55,176 
1,707 
1,774 
1,839 
1,910 
4,444 
4,351 
4,489 
4,766 
36,975 
39,641 
41,589 
43,321 
6,463 
7,271 
6,978 
7,386 
23,404 
30,083 
33,104 
34,639 
2,463 
2,346 
2,505 
2,609 
8,835 
9,880 
10,868 
12,024 
33,123 
32,780 
33,014 
33,081 
-278 
-996 
-4,106 
-6,859 
514,029 
397,701 
281,170 
164,967 
-347 
112 
69 
85 
59,870 
59,870 
59,870 
59,870 
49 
0 
0 
0 
314,391 
226,248 
126,192 
20,736 
2,398 
7,043 
7,890 
7,770 
30,908 
30,042 
29,112 
28,116 
22,700 
25,773 
27,489 
29,603 
108,859 
81,540 
65,996 
56,244 
2,755 
1,402 
1,610 
1,610 
672,837 
699,564 
727,115 
754,621 
363 
660 
610 
610 
265,980 
275,897 
285,651 
294,159 
25,092 
26,514 
28,489 
30,603 
711 
711 
711 
711 
4,491 
4,750 
5,122 
5,502 
160,037 
161,711 
168,965 
174,995 
20,601 
21,765 
23,367 
25,100 
105,232 
113,475 
115,976 
118,453 
11,571 
12,236 
13,155 
14,131 
38,069 
38,080 
38,038 
38,062 
9,030 
9,529 
10,211 
10,969 
2,128 
2,128 
2,128 
2,128 
102,205 
132,379 
131,388 
130,334 
35,941 
35,952 
35,910 
35,935 
304,048 
313,977 
323,689 
332,221 
203,942 
216,177 
229,333 
243,464 
4.6% 
3.5% 
3.7% 
3.9% 
164,847 
169,409 
174,094 
178,936 
-0.6% 
13.5% 
6.7% 
7.7% 
672,837 
699,564 
727,115 
754,621 
10.5% 
5.5% 
7.2% 
7.4% 
23.4% 
24.6% 
24.6% 
24.6% 
5.3% 
5.4% 
5.6% 
5.8% 
91,255 
146,021 
127,785 
129,077 
5.5% 
5.6% 
5.9% 
6.1% 
20,601 
21,765 
23,367 
25,100 
5.0% 
4.9% 
4.5% 
4.2% 
77,391 
106,860 
107,005 
106,591 
45.2% 
44.9% 
44.5% 
44.0% 
1,683 
99 
99 
99 
82.4% 
81.4% 
80.2% 
78.7% 
-4,667 
-4,033 
-4,180 
-4,341 
0.60 
1.09 
1.56 
2.00 
-10,154 
20,746 
3,351 
3,302 
0.45 
0.95 
1.43 
1.87 
6,402 
584 
-1,857 
-1,675 
0.58 
0.59 
0.59 
0.59 
-84,662 
14,542 
15,559 
15,862 
7.98 
7.87 
8.71 
8.17 
-73,770 
10,509 
11,379 
11,522 
1.91 
1.89 
1.91 
1.90 
16,245 
0 
0 
0 
0.29 
0.30 
0.33 
0.35 
-27,136 
4,033 
4,180 
4,341 
2.92 
4.67 
4.09 
4.13 
-25,909 
-5,054 
-5,668 
-6,201 
5.27 
5.42 
5.57 
5.72 
30 
0 
0 
0 
19.22 
18.21 
16.99 
15.82 
-6 
0 
0 
0 
1.05 
1.02 
1.00 
0.97 
-25,933 
-5,054 
-5,668 
-6,201 
1.57 
0.03 
-1.01 
-2.09 
-19,251 
155,509 
137,676 
138,739 
0.45 
0.43 
0.42 
0.40 
 
 
