 
⚫ 
⚫ 
⚫ 
⚫ 
⚫ 
⚫ 
1791.96 
1887.16 
2027.52 
2207.91 
13.10 
5.31 
7.44 
8.90 
54.26 
57.16 
62.38 
68.35 
0.20 
5.35 
9.13 
9.56 
9.41 
9.25 
9.22 
9.17 
0.89 
0.94 
1.02 
1.12 
9.25 
8.78 
8.05 
7.35 

 

 


 
 
 
 
 
1693.86  
1796.79  
1927.25  
2093.30  
1791.96  
1887.16  
2027.52  
2207.91  
486.39  
526.86  
575.13  
629.14  
1616.79  
1712.52  
1840.56  
2005.50  
262.55  
283.74  
299.25  
322.61  
5.56  
5.88  
6.37  
6.91  
51.61  
55.87  
59.66  
64.92  
4.93  
5.33  
5.68  
6.19  
178.26  
197.62  
210.45  
228.67  
29.77  
31.78  
33.93  
37.01  
55.12  
65.91  
69.63  
75.07  
-1.69  
-9.29  
-10.45  
-11.85  
659.94  
666.80  
713.14  
772.89  
0.12  
0.00  
0.00  
0.00  
497.29  
537.58  
579.87  
622.80  
-2.08  
0.00  
0.00  
0.00  
24.34  
26.98  
29.42  
31.94  
-1.07  
-0.95  
-1.20  
-1.24  
137.84  
145.05  
152.69  
159.23  
68.20  
72.36  
78.81  
86.51  
45.41  
51.90  
58.04  
64.51  
1.60  
0.00  
0.00  
0.00  
289.70  
313.66  
339.72  
367.11  
0.74  
0.00  
0.00  
0.00  
2191.15  
2334.38  
2507.12  
2716.09  
69.05  
72.36  
78.81  
86.51  
1435.46  
1518.53  
1623.45  
1757.99  
9.34  
10.30  
10.98  
12.08  
8.75  
10.83  
13.02  
15.37  
59.71  
62.06  
67.83  
74.43  
759.95  
773.31  
833.94  
913.42  
5.45  
4.90  
5.45  
6.08  
666.75  
734.39  
776.49  
829.21  
54.26  
57.16  
62.38  
68.35  
114.97  
115.03  
115.03  
115.03  
86.30  
78.80  
85.01  
92.10  
71.58  
71.58  
71.58  
71.58  
0.89  
0.94  
1.02  
1.12  
43.39  
43.44  
43.44  
43.44  
1550.43  
1633.56  
1738.47  
1873.02  
65.77  
70.67  
76.12  
82.20  
13.10% 
5.31% 
7.44% 
8.90% 
574.95  
630.15  
692.53  
760.88  
2.44% 
6.11% 
8.91% 
9.77% 
2191.15  
2334.38  
2507.12  
2716.09  
0.20% 
5.35% 
9.13% 
9.56% 
9.41% 
9.25% 
9.22% 
9.17% 
3.04% 
3.03% 
3.08% 
3.10% 
91.34  
94.74  
111.43  
118.52  
9.44% 
9.07% 
9.01% 
8.98% 
59.71  
62.06  
67.83  
74.43  
7.95% 
6.58% 
6.59% 
6.63% 
16.65  
15.73  
16.66  
17.44  
70.76% 
69.98% 
69.34% 
68.96% 
3.64  
5.30  
5.35  
5.41  
-57.61% 
-57.86% 
-58.74% 
-59.69% 
0.00  
0.95  
1.20  
1.24  
1.18  
1.18  
1.19  
1.19  
6.06  
5.98  
16.54  
17.16  
0.65  
0.67  
0.67  
0.67  
5.28  
4.72  
3.86  
2.84  
0.86  
0.83  
0.84  
0.85  
-33.65  
-51.16  
-60.00  
-61.45  
6.95  
6.91  
6.96  
7.10  
-33.20  
-54.69  
-54.42  
-55.78  
2.37  
2.23  
2.29  
2.30  
-1.24  
-4.88  
-4.39  
-4.43  
0.89  
0.94  
1.02  
1.12  
0.79  
8.41  
-1.20  
-1.24  
1.50  
1.55  
1.82  
1.94  
13.05  
-1.16  
-3.16  
-3.06  
9.41  
10.32  
11.34  
12.45  
3.34  
2.08  
2.19  
2.35  
9.25  
8.78  
8.05  
7.35  
15.65  
0.00  
0.00  
0.00  
0.87  
0.80  
0.73  
0.66  
-5.94  
-3.24  
-5.35  
-5.41  
0.22  
1.23  
0.60  
-0.01  
71.19  
40.47  
48.27  
54.01  
0.28  
0.27  
0.25  
0.23  
 
 
