 
⚫ 
⚫ 
⚫ 
⚫ 
⚫ 
⚫ 
⚫ 
24881.61 
26378.05 
27586.97 
28114.77 
6.05 
6.01 
4.58 
1.91 
8297.03 
8626.92 
9174.60 
9220.13 
8.63 
3.98 
6.35 
0.50 
56.13 
57.31 
57.87 
57.45 
0.42 
0.48 
0.51 
0.51 
22.64 
19.09 
17.95 
17.86 
2.33 
2.10 
1.97 
1.86 
6.62 
6.24 
5.97 
5.86 

 

 



 
 
 
 
 
 
 
6062.11 
6110.91 
7044.82 
7235.60 
24881.61 
26378.05 
27586.97 
28114.77 
3093.11 
3125.32 
3765.32 
3925.00 
10915.97 
11260.56 
11621.36 
11962.00 
1960.76 
2068.25 
2240.23 
2283.44 
482.53 
1094.20 
1130.06 
1140.08 
764.49 
640.75 
758.86 
728.16 
28.41 
26.38 
27.59 
28.11 
57.69 
74.64 
69.22 
75.27 
538.35 
567.13 
584.84 
590.41 
40.26 
45.02 
44.66 
46.90 
2674.68 
2840.70 
2959.60 
3079.30 
145.79 
156.93 
166.52 
176.85 
-1.70 
0.00 
0.00 
0.00 
208545.01 
223005.81 
233205.64 244129.08 
10.06 
0.00 
0.00 
0.00 
3273.87 
3373.87 
3473.87 
3573.87 
325.29 
395.67 
413.80 
421.72 
151683.72 
166205.83 
167194.19 166960.06 
10387.47 
10824.11 
11524.73 
11595.46 
6308.01 
6208.01 
6098.01 
5978.01 
30.42 
50.00 
50.00 
50.00 
47279.42 
47218.10 
56439.57 
67617.15 
53.05 
50.00 
50.00 
50.00 
214607.12 
229116.71 
240250.46 251364.68 
10364.84 
10824.11 
11524.73 
11595.46 
42766.48 
44795.65 
47146.93 
48496.09 
1453.11 
1547.85 
1659.56 
1681.34 
14258.64 
16258.64 
18258.64 
19258.64 
8911.73 
9276.26 
9865.16 
9914.12 
316.74 
350.09 
349.26 
365.70 
614.70 
649.34 
690.56 
693.99 
28191.10 
28186.92 
28539.03 
28871.75 
8297.03 
8626.92 
9174.60 
9220.13 
92672.15 
99672.15 
102672.15 106672.15 
18951.94 
21819.39 
22698.03 
23147.72 
89666.34 
90666.34 
92666.34 
95666.34 
0.42 
0.48 
0.51 
0.51 
3005.82 
9005.82 
10005.82 
11005.82 
135438.63 
144467.81 
149819.08 155168.24 
5567.34 
6216.68 
6907.24 
7601.23 
6.05%
6.01%
4.58%
1.91%
73601.15 
78432.23 
83524.13 
88595.20 
10.20%
4.20%
6.47%
0.61%
214607.12 
229116.71 
240250.46 251364.68 
8.63%
3.98%
6.35%
0.50%
56.13%
57.31%
57.87%
57.45%
33.35%
32.70%
33.26%
32.79%
17553.80 
20312.46 
21125.90 
21819.62 
11.27%
11.00%
10.98%
10.41%
8911.73 
9276.26 
9865.16 
9914.12 
5.54%
5.36%
5.40%
5.21%
6224.59 
8547.89 
8626.64 
8894.14 
63.11%
63.05%
62.36%
61.73%
2700.60 
2871.40 
2990.54 
3115.04 
145.79%
146.94%
142.37%
138.87%
-325.29 
-395.67 
-413.80 
-421.72 
0.14 
0.14 
0.15 
0.15 
5.40 
-14.95 
30.17 
290.68 
0.14 
0.13 
0.15 
0.15 
36.77 
27.54 
27.20 
27.37 
0.12 
0.12 
0.11 
0.11 
-20119.70 
-22613.01 
-18412.66 
-19395.85 
12.69 
12.75 
12.31 
12.31 
-20379.15 
-22808.68 
-18626.47 
-19617.58 
78.56 
75.35 
78.99 
76.88 
18.69 
-200.00 
-200.00 
-200.00 
0.42 
0.48 
0.51 
0.51 
240.77 
395.67 
413.80 
421.72 
0.98 
1.13 
1.17 
1.21 
3896.87 
2332.76 
-2073.23 
-2264.10 
4.09 
4.36 
4.64 
4.92 
6121.38 
2000.00 
2000.00 
1000.00 
22.64 
19.09 
17.95 
17.86 
-2097.82 
1000.00 
2000.00 
3000.00 
2.33 
2.10 
1.97 
1.86 
-126.68 
-667.24 
-6073.23 
-6264.10 
15.12 
13.25 
12.93 
12.89 
1336.82 
32.21 
640.00 
159.67 
6.62 
6.24 
5.97 
5.86 
 
 
