 
⚫ 
⚫ 
⚫ 
⚫ 
⚫ 
⚫ 



 

 

 

 
 
 
 
 
 
18206.92 
22632.55 
29590.82 
38756.41 
9162.15 
14174.17 
20939.57 
29740.62 
8797.39 
11569.10 
13638.70 
15522.76 
3324.01 
5170.70 
7730.82 
11042.57 
2275.30 
3540.07 
5189.11 
7507.59 
118.05 
188.52 
295.25 
386.63 
26.77 
40.55 
57.00 
78.48 
175.51 
361.44 
619.81 
975.49 
1240.26 
2089.48 
3394.60 
5068.54 
141.85 
212.61 
586.31 
749.46 
5425.28 
4936.93 
6819.65 
10106.29 
-181.99 
-78.57 
-111.83 
-136.66 
441.91 
456.41 
491.75 
472.75 
-95.61 
-104.50 
-98.01 
-120.30 
10352.58 
10083.87 
9687.25 
9220.55 
0.00 
0.00 
0.00 
0.00 
0.00 
0.00 
0.00 
0.00 
6.80 
7.09 
8.38 
5.95 
537.09 
656.26 
649.89 
667.77 
2788.78 
3991.77 
5281.76 
7331.60 
4122.99 
3714.71 
3340.12 
2868.38 
0.99 
1.00 
1.05 
0.98 
5692.49 
5712.90 
5697.24 
5684.39 
5.35 
0.30 
0.41 
0.25 
28559.49 
32716.42 
39278.07 
47976.96 
2784.43 
3992.47 
5282.40 
7332.33 
4388.21 
5228.26 
7433.80 
10193.64 
67.47 
63.88 
63.39 
65.99 
1800.00 
1800.00 
1800.00 
1800.00 
2716.96 
3928.59 
5219.01 
7266.34 
735.37 
852.05 
1336.72 
2057.32 
785.97 
908.68 
704.57 
791.30 
1852.84 
2576.21 
4297.08 
6336.33 
1930.99 
3019.91 
4514.45 
6475.03 
1519.32 
1524.32 
1583.32 
1578.32 
4003.35 
5467.84 
6800.40 
8881.96 
898.90 
918.90 
943.90 
958.90 
0.83 
1.30 
1.94 
2.79 
620.42 
605.42 
639.42 
619.42 
5907.53 
6752.57 
9017.11 
11771.96 
2401.00 
3309.69 
4014.25 
4805.56 
52.40%
54.70%
47.73%
42.03%
20250.96 
22654.16 
26246.70 
31399.44 
66.04%
43.14%
32.32%
38.81%
28559.49 
32716.42 
39278.07 
47976.96 
52.87%
56.39%
49.49%
43.43%
63.72%
63.52%
63.08%
62.87%
21.08%
21.31%
21.56%
21.77%
977.08 
4687.86 
4183.69 
4451.27 
9.54%
13.33%
17.20%
20.62%
2716.96 
3928.59 
5219.01 
7266.34 
9.93%
13.34%
15.37%
18.21%
1403.36 
1553.93 
1629.82 
1686.30 
20.68%
20.64%
22.96%
24.54%
-40.91 
27.00 
27.00 
27.00 
-26.03%
-33.36%
-35.27%
-34.70%
-6.80 
-7.09 
-8.38 
-5.95 
4.15 
4.33 
3.98 
3.80 
-3171.31 
-926.18 
-2790.04 
-4651.99 
2.53 
2.90 
2.54 
2.27 
75.78 
111.60 
106.27 
129.57 
0.36 
0.46 
0.58 
0.68 
-3988.04 
-1277.44 
-1224.18 
-1212.92 
4.87 
4.87 
4.80 
4.68 
-945.25 
-1225.51 
-1186.66 
-1184.77 
6.29 
6.51 
7.06 
6.51 
0.00 
0.00 
0.00 
0.00 
0.83 
1.30 
1.94 
2.79 
-3042.80 
-51.93 
-37.52 
-28.15 
0.42 
2.02 
1.80 
1.92 
931.70 
-638.71 
-889.91 
-1354.29 
8.71 
9.75 
11.29 
13.51 
1450.00 
0.00 
0.00 
0.00 
192.59 
123.15 
82.38 
57.44 
40.00 
20.00 
25.00 
15.00 
18.36 
16.42 
14.17 
11.84 
-558.30 
-658.71 
-914.91 
-1369.29 
85.50 
66.43 
53.12 
40.46 
-2079.26 
2771.71 
2069.60 
1884.06 
40.59 
26.24 
17.76 
12.50 
 
 
