 
 
 
 
 



 

 

 

 
 
 
 
 
 
6012.00 
8663.23 
12009.78 
16027.02 
17.30 
44.10 
38.63 
33.45 
1263.18 
1770.75 
2441.66 
3280.78 
57.17 
40.18 
37.89 
34.37 
59.67 
63.50 
63.62 
63.78 
0.54 
0.76 
1.05 
1.41 
135.37 
96.57 
70.03 
52.12 
 
 
15432.22 
16562.97 
21023.87 
27137.80 
6012.00 
8663.23 
12009.78 
16027.02 
10321.49 
10507.26 
13034.97 
16547.18 
2424.72 
3162.06 
4369.14 
5804.97 
1490.81 
1812.54 
2338.91 
2912.91 
63.92 
87.50 
123.70 
161.87 
17.39 
24.31 
26.02 
37.84 
111.00 
177.60 
234.19 
320.54 
2388.35 
2818.35 
3750.91 
5230.85 
134.32 
173.26 
258.21 
352.59 
1074.13 
1278.35 
1730.91 
2241.85 
-266.60 
0.00 
0.00 
0.00 
140.05 
122.16 
142.16 
167.16 
-27.28 
0.00 
0.00 
0.00 
7470.33 
9683.28 
9766.92 
9699.73 
3.45 
0.00 
0.00 
0.00 
0.00 
0.00 
0.00 
0.00 
0.00 
0.00 
0.00 
0.00 
347.36 
389.10 
416.62 
430.84 
1679.62 
2409.26 
3338.74 
4570.93 
4443.42 
4436.30 
4489.45 
4402.45 
1.12 
0.00 
0.00 
0.00 
2679.55 
4857.88 
4860.85 
4866.44 
0.56 
0.00 
0.00 
0.00 
22902.55 
26246.25 
30790.79 
36837.52 
1680.17 
2409.26 
3338.74 
4570.93 
1394.55 
2096.60 
3085.25 
4323.03 
-21.01 
24.09 
33.39 
45.71 
350.00 
550.00 
800.00 
1100.00 
1701.19 
2385.17 
3305.35 
4525.22 
321.78 
475.19 
702.70 
1035.22 
438.01 
614.42 
863.69 
1244.44 
722.77 
1071.42 
1582.55 
2187.81 
1263.18 
1770.75 
2441.66 
3280.78 
1187.88 
1486.37 
1736.91 
2020.65 
2165.02 
3257.30 
4248.11 
5555.89 
858.90 
1159.44 
1409.98 
1693.72 
0.54 
0.76 
1.05 
1.41 
328.98 
326.93 
326.93 
326.93 
2582.43 
3582.97 
4822.16 
6343.68 
1615.04 
2229.46 
3093.14 
4337.58 
17.30%
44.10%
38.63%
33.45%
18705.08 
20433.82 
22875.48 
26156.26 
47.92%
43.44%
38.58%
36.91%
22902.55 
26246.25 
30790.79 
36837.52 
57.17%
40.18%
37.89%
34.37%
59.67%
63.50%
63.62%
63.78%
21.01%
20.44%
20.33%
20.47%
813.71 
2806.45 
3020.17 
3846.24 
6.75%
8.67%
10.67%
12.54%
1701.19 
2385.17 
3305.35 
4525.22 
6.61%
9.76%
11.71%
13.57%
755.45 
848.04 
909.38 
984.96 
11.28%
13.65%
15.66%
17.22%
9.45 
0.00 
0.00 
0.00 
-44.47%
-38.55%
-41.45%
-44.91%
0.00 
0.00 
0.00 
0.00 
11.07 
7.90 
6.81 
6.28 
-1673.99 
-427.11 
-1194.55 
-1663.93 
8.51 
5.89 
4.99 
4.51 
21.61 
0.35 
0.00 
0.00 
0.27 
0.35 
0.42 
0.47 
-1800.27 
-3061.35 
-993.01 
-917.77 
4.88 
5.25 
5.79 
6.10 
-918.11 
-865.85 
-982.90 
-907.90 
7.30 
7.94 
7.42 
6.68 
-20.00 
0.00 
0.00 
0.00 
0.54 
0.76 
1.05 
1.41 
-862.16 
-2195.50 
-10.11 
-9.87 
0.35 
1.21 
1.30 
1.65 
0.15 
440.67 
500.54 
583.74 
8.05 
8.79 
9.84 
11.25 
150.00 
200.00 
250.00 
300.00 
135.37 
96.57 
70.03 
52.12 
379.10 
300.54 
250.54 
283.74 
9.14 
8.37 
7.48 
6.54 
-528.95 
-59.87 
0.00 
0.00 
72.03 
49.82 
37.72 
28.31 
-986.42 
185.78 
2527.70 
3512.21 
28.44 
19.74 
14.24 
10.67 
 
 
