 
⚫ 
⚫ 
⚫ 
⚫ 
⚫ 
⚫ 
26900.98 
29537.27 
32225.17 
34867.63 
9.53 
9.80 
9.10 
8.20 
6344.13 
7097.44 
7845.90 
8615.02 
12.75 
11.87 
10.55 
9.80 
1.14 
1.28 
1.41 
1.55 
36.16 
32.33 
29.24 
26.63 
7.43 
6.04 
5.01 
4.21 

 

 
 
 
 
 
 
 
 
32842.11 
40092.32 
48475.03 
57762.64 
26900.98 
29537.27 
32225.17 
34867.63 
22114.74 
28169.14 
35441.91 
43624.50 
16948.32 
18578.94 
20269.63 
21931.74 
242.26 
250.56 
273.36 
295.77 
227.59 
240.73 
262.64 
284.17 
18.55 
83.71 
91.33 
98.81 
1628.60 
1649.34 
1799.43 
1946.98 
34.35 
29.51 
32.19 
34.83 
590.14 
596.57 
650.85 
704.22 
2525.27 
2833.76 
3091.63 
3345.15 
-508.97 
-649.23 
-830.86 
-1049.05 
7906.94 
8725.65 
9544.61 
10363.56 
-99.55 
0.00 
0.00 
0.00 
8016.33 
8335.98 
8601.99 
8720.30 
218.85 
0.00 
0.00 
0.00 
0.00 
0.00 
0.00 
0.00 
18.51 
18.74 
20.45 
22.12 
5055.46 
5463.90 
5692.87 
5750.49 
7506.58 
8441.19 
9331.89 
10247.16 
874.56 
1040.52 
1206.48 
1372.44 
21.60 
10.00 
10.00 
10.00 
2086.32 
1831.56 
1702.63 
1597.36 
15.09 
5.00 
5.00 
5.00 
40858.44 
48428.30 
57077.02 
66482.93 
7513.08 
8446.19 
9336.89 
10252.16 
8985.79 
9425.40 
10213.85 
10988.98 
1157.22 
1335.76 
1476.62 
1621.37 
293.46 
293.46 
293.46 
293.46 
6355.86 
7110.43 
7860.27 
8630.79 
1360.10 
1528.12 
1667.18 
1803.89 
11.73 
12.99 
14.37 
15.77 
7332.23 
7603.81 
8253.20 
8891.62 
6344.13 
7097.44 
7845.90 
8615.02 
470.70 
490.75 
490.75 
490.75 
7754.95 
9037.03 
9896.02 
10740.80 
33.20 
33.20 
33.20 
33.20 
1.14 
1.28 
1.41 
1.55 
437.50 
457.55 
457.55 
457.55 
9456.49 
9916.15 
10704.60 
11479.73 
506.54 
519.53 
533.90 
549.67 
9.53%
9.80%
9.10%
8.20%
30895.41 
37992.61 
45838.52 
54453.53 
11.29%
12.45%
10.55%
9.81%
40858.44 
48428.30 
57077.02 
66482.93 
12.75%
11.87%
10.55%
9.80%
37.00%
37.10%
37.10%
37.10%
23.58%
24.03%
24.35%
24.71%
6843.71 
8382.96 
9660.36 
10568.18 
20.53%
18.68%
17.12%
15.82%
6355.86 
7110.43 
7860.27 
8630.79 
18.23%
16.88%
15.32%
13.99%
906.07 
1240.07 
1389.99 
1537.69 
23.14%
20.48%
18.75%
17.27%
-509.32 
14.21 
14.21 
14.21 
-69.20%
-72.15%
-75.60%
-78.61%
-18.51 
-18.74 
-20.45 
-22.12 
3.65 
4.25 
4.75 
5.26 
171.68 
-7.60 
425.10 
416.70 
3.34 
3.91 
4.40 
4.90 
-62.07 
44.59 
-8.77 
-9.08 
0.68 
0.66 
0.61 
0.56 
-3776.14 
-2329.02 
-2373.37 
-2371.38 
115.60 
119.87 
123.02 
122.53 
-1559.07 
-1647.54 
-1647.23 
-1646.92 
12.27 
12.87 
12.69 
12.64 
-2980.70 
-746.59 
-746.59 
-746.59 
1.14 
1.28 
1.41 
1.55 
763.62 
65.10 
20.45 
22.12 
1.23 
1.51 
1.74 
1.90 
-4002.40 
0.24 
-14.21 
-14.21 
5.56 
6.83 
8.24 
9.79 
-69.18 
0.00 
0.00 
0.00 
36.16 
32.33 
29.24 
26.63 
-37.07 
0.00 
0.00 
0.00 
7.43 
6.04 
5.01 
4.21 
-3896.14 
0.24 
-14.21 
-14.21 
30.11 
22.31 
19.64 
17.33 
-934.25 
6054.40 
7272.78 
8182.59 
8.53 
7.77 
7.12 
6.58 
 
 
