 
⚫ 
⚫ 
⚫ 
⚫ 
⚫ 
⚫ 
⚫ 
⚫ 
☎



  
 
 
 
⚫ 
⚫ 
⚫ 
55.11 
69.32 
85.60 
104.31 
-27.26 
25.79 
23.48 
21.85 
11.79 
18.11 
24.03 
31.07 
-53.43 
53.58 
32.65 
29.30 
55.77 
55.70 
54.40 
53.60 
1.39 
2.13 
2.83 
3.66 
47.15 
30.70 
23.15 
17.90 
4.49 
3.99 
3.48 
2.99 
10.09 
8.02 
6.50 
5.33 
 
 
 
 
116.60 
147.36 
173.92 
207.81 
55.11 
69.32 
85.60 
104.31 
24.61 
43.40 
68.14 
96.66 
24.37 
30.71 
39.03 
48.40 
40.57 
60.20 
58.76 
63.26 
0.48 
0.42 
0.43 
0.52 
0.32 
0.96 
1.19 
1.45 
2.68 
2.91 
3.42 
3.86 
1.33 
0.46 
0.59 
0.73 
3.64 
4.23 
4.88 
5.01 
19.74 
25.41 
27.83 
28.07 
-0.50 
-0.27 
-0.54 
-0.91 
30.04 
16.93 
17.40 
17.65 
-0.60 
-0.10 
-0.15 
-0.18 
56.59 
56.04 
55.30 
54.40 
0.71 
0.15 
0.17 
0.18 
5.35 
5.38 
5.41 
5.41 
-0.31 
0.35 
0.43 
0.52 
5.85 
5.04 
4.18 
3.31 
12.83 
19.57 
25.96 
33.57 
7.41 
6.90 
6.39 
5.77 
0.01 
0.00 
0.00 
0.00 
37.99 
38.73 
39.33 
39.91 
0.02 
0.00 
0.00 
0.00 
173.20 
203.40 
229.22 
262.21 
12.82 
19.57 
25.96 
33.57 
25.88 
40.48 
45.71 
52.14 
0.96 
1.37 
1.82 
2.35 
0.00 
0.25 
0.53 
0.53 
11.85 
18.20 
24.15 
31.22 
9.18 
13.91 
13.44 
13.85 
0.06 
0.09 
0.12 
0.16 
16.71 
26.33 
31.74 
37.76 
11.79 
18.11 
24.03 
31.07 
23.37 
23.42 
23.47 
23.47 
14.53 
21.05 
27.18 
34.27 
2.00 
2.05 
2.10 
2.10 
1.39 
2.13 
2.83 
3.66 
21.37 
21.37 
21.37 
21.37 
49.25 
63.90 
69.18 
75.61 
0.00 
0.09 
0.21 
0.37 
-27.26%
25.79%
23.48%
21.85%
123.94 
139.41 
159.83 
186.23 
-52.85%
52.59%
32.65%
29.30%
173.20 
203.40 
229.22 
262.21 
-53.43%
53.58%
32.65%
29.30%
55.77%
55.70%
54.40%
53.60%
21.40%
26.13%
28.07%
29.78%
14.67 
22.23 
28.88 
33.52 
9.51%
12.99%
15.03%
16.68%
11.85 
18.20 
24.15 
31.22 
7.78%
11.38%
13.24%
14.81%
2.60 
1.75 
1.76 
1.61 
28.44%
31.42%
30.18%
28.84%
0.03 
0.10 
0.11 
0.11 
-5.41%
-18.06%
-31.00%
-41.87%
0.31 
-0.35 
-0.43 
-0.52 
4.50 
3.64 
3.80 
3.99 
-1.13 
2.70 
3.46 
1.22 
3.41 
2.82 
3.03 
3.30 
1.01 
-0.17 
-0.17 
-0.12 
0.31 
0.37 
0.40 
0.42 
-12.67 
-1.00 
-0.74 
-0.23 
1.32 
1.38 
1.44 
1.71 
-3.16 
-1.10 
-0.92 
-0.65 
2.37 
2.66 
2.85 
3.55 
0.53 
-0.15 
-0.15 
-0.05 
1.39 
2.13 
2.83 
3.66 
-10.04 
0.25 
0.33 
0.47 
1.73 
2.62 
3.40 
3.95 
-8.59 
-2.52 
-3.39 
-4.78 
14.59 
16.41 
18.81 
21.92 
-0.38 
0.25 
0.28 
0.00 
47.15 
30.70 
23.15 
17.90 
0.56 
0.05 
0.05 
0.00 
4.49 
3.99 
3.48 
2.99 
-8.77 
-2.82 
-3.72 
-4.78 
37.19 
25.22 
18.63 
13.95 
-6.51 
18.78 
24.75 
28.51 
10.09 
8.02 
6.50 
5.33 
 
 
