 
⚫ 
⚫ 
⚫ 
⚫ 
⚫ 
⚫ 



 

 
 
 
 
 
13147.69 
14440.72 
16322.44 
19025.67 
-8.40 
9.83 
13.03 
16.56 
1911.15 
2496.48 
3014.00 
3696.44 
4.10 
30.63 
20.73 
22.64 
29.16 
30.65 
31.48 
32.02 
1.31 
1.71 
2.06 
2.53 
55.19 
42.25 
34.99 
28.53 
 
 
13986.71 
15803.95 
18727.52 
22472.26 
13147.69 
14440.72 
16322.44 
19025.67 
6516.82 
7702.65 
10617.21 
12860.69 
9313.66 
10014.23 
11184.89 
12933.22 
2268.42 
2615.10 
2721.85 
3130.48 
56.41 
59.21 
65.29 
79.91 
59.29 
66.19 
78.54 
88.18 
772.96 
850.56 
964.66 
1080.66 
228.73 
272.57 
241.36 
316.24 
352.92 
358.13 
390.11 
439.49 
3858.53 
3929.01 
4052.05 
4839.48 
-53.10 
-77.95 
-92.08 
-127.12 
1054.92 
1218.44 
1016.52 
1237.18 
-136.92 
-125.50 
-117.89 
-140.92 
22630.78 
23563.77 
24205.83 
24464.77 
0.00 
0.00 
0.00 
0.00 
7558.92 
8237.01 
8835.21 
9544.73 
563.12 
814.46 
954.86 
1103.49 
2853.89 
3120.47 
3128.63 
2848.70 
2287.31 
2985.80 
3595.05 
4422.95 
4082.05 
3905.54 
3788.83 
3504.24 
14.67 
15.30 
15.67 
16.00 
8135.92 
8300.75 
8453.16 
8567.11 
11.41 
12.30 
12.46 
13.12 
36617.49 
39367.73 
42933.35 
46937.03 
2290.57 
2988.80 
3598.26 
4425.83 
5586.35 
6235.66 
6990.12 
7778.46 
297.14 
388.84 
457.70 
579.78 
22.00 
12.00 
35.51 
3.21 
1993.43 
2599.96 
3140.56 
3846.05 
2388.43 
2628.74 
2998.17 
3423.71 
82.28 
103.48 
126.56 
149.61 
3175.92 
3594.92 
3956.44 
4351.54 
1911.15 
2496.48 
3014.00 
3696.44 
9704.29 
9714.59 
10007.89 
10140.89 
2649.86 
4019.40 
4694.91 
5526.28 
98.24 
123.54 
382.84 
535.84 
1.31 
1.71 
2.06 
2.53 
9606.05 
9591.05 
9625.05 
9605.05 
15290.64 
15950.25 
16998.01 
17919.35 
924.75 
1028.23 
1154.80 
1304.41 
-8.40%
9.83%
13.03%
16.56%
20402.09 
22389.25 
24780.54 
27713.27 
5.14%
30.54%
20.40%
23.03%
36617.49 
39367.73 
42933.35 
46937.03 
4.10%
30.63%
20.73%
22.64%
29.16%
30.65%
31.48%
32.02%
14.54%
17.29%
18.47%
19.43%
2721.82 
2938.75 
4111.77 
3305.64 
9.37%
11.15%
12.16%
13.34%
1993.43 
2599.96 
3140.56 
3846.05 
6.93%
10.40%
11.26%
12.31%
877.61 
1108.54 
1188.72 
1227.57 
41.76%
40.52%
39.59%
38.18%
50.45 
0.26 
0.36 
0.29 
-26.25%
-28.97%
-36.17%
-39.72%
-562.90 
-814.46 
-954.86 
-1103.49 
2.50 
2.53 
2.68 
2.89 
134.43 
-174.41 
524.04 
-892.70 
1.62 
1.70 
1.95 
2.10 
228.79 
218.86 
212.95 
227.92 
0.39 
0.38 
0.40 
0.42 
-1320.29 
-1243.64 
-890.95 
-398.86 
5.48 
5.91 
6.12 
6.50 
-857.87 
-1356.41 
-1234.03 
-752.33 
4.21 
3.99 
3.98 
4.03 
-579.41 
-682.39 
-587.90 
-715.92 
1.31 
1.71 
2.06 
2.53 
117.00 
795.16 
930.97 
1069.39 
1.86 
2.01 
2.81 
2.26 
-2257.40 
-515.74 
-306.25 
-663.29 
13.94 
15.30 
16.94 
18.94 
-138.11 
-10.00 
23.51 
-32.30 
55.19 
42.25 
34.99 
28.53 
-1176.89 
25.30 
259.30 
153.00 
5.17 
4.71 
4.26 
3.81 
-942.40 
-531.04 
-589.06 
-783.99 
37.82 
24.55 
20.47 
17.00 
-849.41 
1185.82 
2914.56 
2243.49 
8.02 
7.30 
6.46 
5.54 
 
 
