 
 
 
 
 
 

 

 
 
 
 
 
261427.78 
279276.46 
297784.91 
317220.73 
7.33 
6.83 
6.63 
6.53 
16596.62 
19464.73 
21636.59 
23664.18 
12.81 
17.28 
11.16 
9.37 
31.51 
31.62 
31.79 
31.90 
1.76 
2.06 
2.29 
2.51 
13.69 
11.68 
10.50 
9.60 
2.20 
1.96 
1.65 
1.41 
0.87 
0.81 
0.76 
0.72 
 
 
132620.48 
152216.28 
183700.19 
219911.69 
261427.78 279276.46 
297784.91 
317220.73 
54486.45 
76961.83 
104694.62 136867.90 
179053.96 190974.39 
203120.12 
216029.02 
20268.10 
17762.66 
18875.15 
20056.88 
1016.20 
1089.18 
1161.36 
1237.16 
2649.56 
2715.19 
2895.13 
3084.09 
40978.04 
43148.21 
46007.77 
49010.60 
1238.29 
1145.85 
1218.72 
1296.17 
11489.64 
12232.31 
13102.54 
13957.71 
39524.01 
39186.33 
41316.69 
43706.05 
514.16 
145.50 
-8.18 
-229.17 
14454.07 
14444.42 
14699.88 
14900.60 
-1505.15 
-996.70 
-696.80 
-647.00 
120759.38 
124574.97 
120553.48 116431.78 
19.75 
0.00 
0.00 
0.00 
25546.79 
25546.79 
25546.79 
25546.79 
1909.92 
1954.94 
2084.49 
2220.55 
29603.94 
27192.12 
22970.63 
18748.93 
19880.17 
23516.55 
26070.76 
28451.00 
11006.23 
10812.73 
10812.73 
10812.73 
127.89 
154.52 
139.67 
140.69 
54602.41 
61023.33 
61223.33 
61323.33 
295.80 
215.25 
233.92 
248.33 
253379.86 
276791.25 
304253.66 336343.47 
19712.26 
23455.82 
25976.51 
28343.37 
119980.50 
128104.25 
131959.81 138821.28 
2980.19 
3853.00 
4219.66 
4515.03 
10318.35 
10468.35 
10618.35 
10768.35 
16732.07 
19602.81 
21756.85 
23828.34 
47061.79 
50396.02 
50780.03 
54007.25 
135.45 
138.09 
120.26 
164.16 
62600.36 
67239.88 
70561.43 
74045.67 
16596.62 
19464.73 
21636.59 
23664.18 
27487.62 
30475.74 
32025.74 
33075.74 
25693.38 
28815.93 
30193.02 
32338.88 
17936.30 
20936.30 
22436.30 
23436.30 
1.76 
2.06 
2.29 
2.51 
9551.31 
9539.44 
9589.44 
9639.44 
147468.12 
158579.99 
163985.55 171897.02 
2397.59 
2535.68 
2655.94 
2820.09 
7.33%
6.83%
6.63%
6.53%
103514.15 
115675.58 
137612.17 161626.36 
11.40%
18.29%
10.86%
9.13%
253379.86 
276791.25 
304253.66 336343.47 
12.81%
17.28%
11.16%
9.37%
 
 
 
 
31.51% 
31.62% 
31.79% 
31.90% 
6.35%
6.97%
7.27%
7.46%
25262.38 
33260.38 
24982.25 
29696.72 
16.03%
16.83%
15.72%
14.64%
16732.07 
19602.81 
21756.85 
23828.34 
11.36%
12.46%
11.95%
11.40%
6799.63 
5214.62 
4224.69 
4224.69 
58.20%
57.29%
53.90%
51.11%
1810.09 
635.88 
684.48 
713.08 
-18.14%
-31.21%
-44.86%
-57.10%
-1909.92 
-1954.94 
-2084.49 
-2220.55 
1.11 
1.19 
1.39 
1.58 
562.48 
8688.16 
-430.55 
2368.24 
0.73 
0.84 
1.03 
1.23 
1268.02 
1073.84 
831.28 
782.91 
1.07 
1.05 
1.02 
0.99 
-17085.07 
-7258.56 
1735.02 
1989.63 
14.46 
14.69 
16.26 
16.30 
-9738.86 
-3428.32 
-264.48 
-175.91 
4.03 
3.92 
4.02 
4.12 
-8172.00 
-5575.00 
-85.00 
-55.00 
1.76 
2.06 
2.29 
2.51 
825.79 
1744.76 
2084.49 
2220.55 
2.68 
3.52 
2.65 
3.15 
-7841.03 
-3484.26 
1015.52 
486.92 
10.97 
12.26 
14.58 
17.12 
646.13 
150.00 
150.00 
150.00 
13.69 
11.68 
10.50 
9.60 
4345.44 
3000.00 
1500.00 
1000.00 
2.20 
1.96 
1.65 
1.41 
-12832.60 
-6634.26 
-634.48 
-663.08 
6.97 
6.61 
5.44 
4.12 
585.10 
22475.38 
27732.79 
32173.27 
0.87 
0.81 
0.76 
0.72 
 
 
