 
 
 
 
 
 
10717.98 
25724.39 
41584.32 
46326.18 
11.16 
140.01 
61.65 
11.40 
2173.53 
5552.19 
9087.92 
10471.92 
77.58 
155.45 
63.68 
15.23 
32.99 
32.49 
32.12 
31.79 
1.94 
4.95 
8.11 
9.34 
74.01 
28.97 
17.70 
15.36 
11.28 
7.82 
5.42 
4.01 
15.01 
6.25 
3.87 
3.47 

 

 
 
 
 
 
 
 
 
 
11319.39 
20462.72 
33273.28 
45350.80 
10717.98 
25724.39 
41584.32 
46326.18 
3317.28 
2615.41 
6181.33 
13888.20 
7181.88 
17366.54 
28227.44 
31599.09 
2581.37 
5633.03 
8543.55 
10273.17 
50.63 
128.62 
207.92 
231.63 
28.08 
469.75 
365.53 
458.17 
124.84 
306.12 
407.53 
435.47 
59.31 
175.53 
261.64 
291.07 
433.59 
1157.60 
1663.37 
1621.42 
4294.66 
10603.87 
16739.13 
18976.17 
-83.57 
-165.86 
-130.77 
-309.07 
1038.70 
965.13 
1182.10 
1464.01 
-149.13 
-30.13 
-30.91 
-20.80 
8687.35 
9538.84 
10116.26 
10683.29 
-3.48 
0.00 
0.00 
0.00 
930.33 
1128.93 
1344.01 
1566.85 
323.17 
771.73 
1247.53 
1389.79 
3947.63 
4227.89 
4470.16 
4684.46 
2494.10 
6232.41 
10200.69 
11754.00 
400.52 
423.37 
450.93 
485.38 
2.50 
3.00 
3.00 
3.00 
3408.88 
3758.66 
3851.17 
3946.60 
4.13 
4.00 
4.00 
4.00 
20006.75 
30001.56 
43389.54 
56034.09 
2492.46 
6231.41 
10199.69 
11753.00 
4360.48 
7150.09 
11411.35 
13534.20 
284.81 
623.14 
1019.97 
1175.30 
62.20 
-263.95 
-616.55 
-950.47 
2207.65 
5608.27 
9179.72 
10577.70 
1856.96 
3679.42 
5994.33 
7191.83 
34.12 
56.08 
91.80 
105.78 
2441.33 
3734.62 
6033.57 
7292.84 
2173.53 
5552.19 
9087.92 
10471.92 
871.77 
1701.60 
1648.60 
1592.60 
2670.20 
6628.03 
10716.53 
12146.75 
318.72 
218.72 
168.72 
118.72 
1.94 
4.95 
8.11 
9.34 
553.04 
1482.88 
1479.88 
1473.88 
5232.25 
8851.69 
13059.95 
15126.80 
513.48 
569.56 
661.36 
767.13 
11.16%
140.01%
61.65%
11.40%
14261.02 
20580.31 
29668.23 
40140.16 
87.89%
149.89%
63.67%
15.23%
20006.75 
30001.56 
43389.54 
56034.09 
77.58%
155.45%
63.68%
15.23%
32.99%
32.49%
32.12%
31.79%
20.28%
21.58%
21.85%
22.60%
1897.13 
-1977.19 
3880.93 
7948.64 
15.24%
26.98%
30.63%
26.09%
2207.65 
5608.27 
9179.72 
10577.70 
12.08%
24.76%
29.40%
25.12%
525.49 
562.48 
647.61 
702.82 
26.15%
29.50%
30.10%
27.00%
48.57 
0.00 
0.00 
0.00 
-15.98%
-8.14%
-18.77%
-33.71%
-323.17 
-771.73 
-1247.53 
-1389.79 
2.60 
2.86 
2.92 
3.35 
-731.94 
-7300.07 
-4730.78 
-1963.89 
1.54 
1.33 
1.42 
1.92 
170.52 
-76.13 
31.91 
21.80 
0.59 
1.03 
1.13 
0.93 
-1176.17 
-328.89 
90.59 
148.14 
5.24 
6.26 
5.87 
4.92 
-1681.55 
-1097.67 
-1041.86 
-1068.81 
4.80 
6.27 
5.84 
4.79 
463.41 
31.40 
-105.08 
-192.84 
1.94 
4.95 
8.11 
9.34 
41.97 
737.37 
1237.53 
1409.79 
1.69 
-1.76 
3.46 
7.09 
-315.89 
1630.28 
-405.60 
-389.92 
12.72 
18.36 
26.46 
35.80 
-323.00 
-326.15 
-352.60 
-333.92 
74.01 
28.97 
17.70 
15.36 
-377.17 
-100.00 
-50.00 
-50.00 
11.28 
7.82 
5.42 
4.01 
384.28 
2056.43 
-3.00 
-6.00 
33.06 
24.01 
14.48 
12.11 
425.37 
-701.86 
3565.92 
7706.87 
15.01 
6.25 
3.87 
3.47 
 
 
