 
⚫ 
⚫ 
⚫ 
⚫ 
⚫ 
⚫ 

 


 
：
 
：
 
 
 
 
 
 
 
 
3637.04 
3586.94 
3890.86 
3623.30 
1608.98 
1745.75 
1899.39 
1914.23 
873.53 
697.53 
916.88 
629.64 
785.55 
877.07 
972.68 
983.14 
802.01 
871.01 
947.22 
954.84 
46.08 
49.99 
54.39 
54.82 
107.05 
144.53 
141.81 
150.70 
9.65 
10.47 
11.39 
11.48 
7.83 
5.54 
7.92 
7.11 
202.16 
219.35 
238.65 
240.51 
79.17 
82.48 
94.75 
94.11 
456.05 
493.72 
515.15 
508.31 
1767.45 
1785.84 
1782.28 
1786.88 
-0.67 
0.00 
0.00 
0.00 
61412.18 
66737.35 
70867.78 
75296.14 
0.00 
0.00 
0.00 
0.00 
46468.31 
49668.31 
53168.31 
56968.31 
4642.72 
5099.62 
5438.25 
5608.11 
10229.13 
11986.76 
12094.55 
12187.34 
4700.79 
5172.91 
5521.60 
5700.11 
494.66 
593.71 
640.25 
694.12 
3.91 
4.00 
4.00 
4.00 
4220.08 
4488.58 
4964.68 
5446.38 
2.86 
3.00 
3.00 
3.00 
65049.22 
70324.30 
74758.65 
78919.44 
4701.84 
5173.91 
5522.60 
5701.11 
5629.40 
6228.01 
6972.45 
7467.49 
71.66 
77.61 
82.84 
85.52 
2921.93 
3421.93 
3921.93 
4421.93 
4630.18 
5096.31 
5439.76 
5615.59 
429.44 
387.25 
480.60 
459.92 
122.46 
132.50 
141.43 
146.01 
2278.02 
2418.83 
2569.92 
2585.63 
4507.73 
4963.80 
5298.33 
5469.59 
15533.40 
17063.40 
17263.40 
17263.40 
854.87 
1148.70 
1123.05 
1136.63 
7420.47 
7420.47 
6420.47 
5420.47 
0.92 
1.02 
1.09 
1.12 
8112.94 
9642.94 
10842.94 
11842.94 
21162.80 
23291.41 
24235.85 
24730.89 
1748.47 
1880.97 
2022.40 
2168.41 
8.54%
8.50%
8.80%
0.78%
42137.95 
45151.91 
48500.40 
52020.14 
3.47%
10.04%
6.74%
3.23%
65049.22 
70324.30 
74758.65 
78919.44 
2.45%
10.12%
6.74%
3.23%
51.18%
49.76%
48.79%
48.64%
280.16%
284.34%
278.95%
285.73%
879.46 
1073.19 
1230.99 
1060.67 
10.70%
10.99%
10.92%
10.51%
4630.18 
5096.31 
5439.76 
5615.59 
0.83%
0.82%
0.82%
0.77%
340.68 
597.38 
541.61 
553.51 
32.53%
33.12%
32.42%
31.34%
466.52 
507.77 
529.38 
525.69 
36.24%
38.51%
36.80%
35.76%
-4642.72 
-5099.62 
-5438.25 
-5608.11 
0.65 
0.58 
0.56 
0.49 
78.32 
-27.29 
159.87 
-24.63 
0.63 
0.56 
0.54 
0.47 
6.48 
-1.35 
-1.38 
-1.38 
0.02 
0.02 
0.03 
0.02 
691.16 
-821.58 
767.59 
627.63 
2.01 
2.00 
2.01 
2.00 
-920.04 
-2721.20 
-1170.66 
-1180.49 
3.75 
4.51 
3.95 
4.16 
-1714.11 
-3200.00 
-3500.00 
-3800.00 
0.92 
1.02 
1.09 
1.12 
3325.31 
5099.62 
5438.25 
5608.11 
0.18 
0.22 
0.25 
0.22 
-1209.05 
-427.61 
-1779.22 
-1975.53 
8.64 
9.26 
9.95 
10.67 
-370.15 
500.00 
500.00 
500.00 
18.65 
15.22 
14.26 
13.81 
1394.37 
0.00 
-1000.00 
-1000.00 
2.00 
1.67 
1.56 
1.45 
-2233.26 
-927.61 
-1279.22 
-1475.53 
116.97 
81.54 
83.83 
83.53 
361.56 
-176.00 
219.36 
-287.24 
46.96 
43.28 
39.78 
39.47 
 
 
