 
 
 
 
 

 


 
 
 
 
 
 
1688.52  
1794.64  
1874.96  
1944.03  
0.15  
6.28  
4.48  
3.68  
66.91  
68.97  
80.81  
92.68  
-7.26  
3.09  
17.15  
14.69  
12.14  
12.03  
12.50  
12.93  
2.12  
2.19  
2.56  
2.94  
9.02  
8.75  
7.47  
6.51  
0.97  
0.91  
0.84  
0.78  
0.36  
0.34  
0.32  
0.31  
 
 
 
 
 
1180.28 1309.84 1449.35 1590.14 
1688.52 1794.64 1874.96 1944.03 
347.39 
454.97 
552.03 
659.06 
1483.57 1578.82 1640.54 1692.71 
439.53 
433.96 
460.80 
479.92 
5.78 
6.51 
6.69 
6.93 
24.22 
24.55 
25.63 
26.80 
7.35 
8.87 
8.93 
9.25 
6.26 
7.17 
7.21 
7.47 
82.25 
87.42 
90.91 
94.48 
210.79 
238.51 
242.21 
247.31 
4.45 
-0.32 
-1.41 
-3.88 
152.09 
150.68 
161.47 
169.57 
-3.39 
0.00 
-2.00 
-2.00 
669.78 
638.43 
601.10 
559.32 
-0.14 
0.00 
0.00 
0.00 
126.88 
126.88 
126.88 
126.88 
27.00 
29.96 
30.91 
32.02 
219.13 
205.20 
186.46 
163.29 
82.15 
84.95 
99.49 
114.33 
36.82 
31.90 
26.98 
22.06 
2.17 
2.00 
2.14 
2.10 
286.95 
274.45 
260.79 
247.11 
1.44 
0.85 
0.95 
1.00 
1850.06 1948.27 2050.45 2149.47 
82.88 
86.11 
100.68 
115.43 
1092.60 
1136.11 
1178.28 1213.40 
8.06 
8.88 
10.21 
11.69 
112.98 
112.98 
112.98 
112.98 
74.82 
77.23 
90.47 
103.74 
601.38 
623.16 
650.10 
672.45 
7.92 
8.26 
9.67 
11.07 
378.24 
399.97 
415.19 
427.97 
66.91 
68.97 
80.81 
92.68 
96.26 
96.40 
96.40 
96.40 
119.82 
157.38 
175.26 
191.88 
25.05 
25.05 
25.05 
25.05 
2.12 
2.19 
2.56 
2.94 
71.21 
71.34 
71.34 
71.34 
1188.86 1232.51 1274.67 1309.80 
40.76 
49.02 
58.68 
69.75 
0.15%
6.28% 
4.48%
3.68% 
620.44 
666.75 
717.09 
769.92 
-6.83%
3.41% 
17.11%
14.92% 
1850.06 1948.27 2050.45 2149.47 
-7.26%
3.09% 
17.15%
14.69% 
12.14%
12.03% 
12.50%
12.93% 
3.96%
3.84% 
4.31%
4.77% 
81.40 
142.66 
136.40 
154.28 
10.78%
10.34% 
11.27%
12.04% 
74.82 
77.23 
90.47 
103.74 
5.88%
8.39% 
9.13%
9.64% 
63.54 
71.59 
76.00 
80.33 
64.26%
63.26% 
62.17%
60.94% 
8.30 
4.52 
4.52 
4.52 
-21.84%
-35.50% -45.27%
-54.57% 
-27.00 
-29.96 
-30.91 
-32.02 
1.08 
1.15 
1.23 
1.31 
-38.22 
24.00 
-1.55 
-0.02 
0.86 
0.91 
1.00 
1.08 
-0.04 
-4.72 
-2.13 
-2.26 
0.94 
0.94 
0.94 
0.93 
-93.63 
-5.40 
-4.36 
-2.87 
4.09 
4.11 
4.19 
4.13 
-38.05 
-34.65 
-30.60 
-31.14 
2.55 
2.58 
2.58 
2.56 
-75.86 
0.51 
-1.08 
-0.29 
2.12 
2.19 
2.56 
2.94 
20.28 
28.74 
27.32 
28.56 
2.58 
4.53 
4.33 
4.89 
-42.39 
-30.05 
-34.98 
-44.37 
19.68 
21.15 
22.75 
24.42 
6.59 
0.00 
0.00 
0.00 
9.02 
8.75 
7.47 
6.51 
-8.64 
0.00 
0.00 
0.00 
0.97 
0.91 
0.84 
0.78 
-40.34 
-30.05 
-34.98 
-44.37 
3.43 
2.22 
1.44 
0.76 
-54.63 
107.58 
97.06 
107.04 
0.36 
0.34 
0.32 
0.31 
 
 
