 
 
1 
 
 
 
 
◆ 
◆ 
◆ 
◆ 
“
”
◆ 
◆ 
iFind
 
 
 
 
 
iFinD
 
资产负债表
利润表
会计年度
2020
2021
2022E
2023E
2024E
会计年度
2020
2021
2022E
2023E
2024E
货币资金
2868.95
2994.82
3054.93
3779.75
4662.97
营业收入
12999.29
16623.21
20366.20
25198.35
31086.44
应收票据及账款
3858.68
4830.26
5917.87
7321.96
9032.88
营业成本
9460.25
12522.41
15632.73
19293.18
23773.85
预付账款
41.43
50.90
62.36
77.15
95.18
税金及附加
93.93
112.80
138.20
170.99
210.95
其他应收款
122.03
95.08
116.49
144.13
177.81
销售费用
372.80
577.50
661.90
818.95
979.22
存货
634.31
693.06
865.20
1067.79
1315.78
管理费用
1020.77
1414.45
1629.30
2010.83
2480.70
其他流动资产
110.74
44.22
54.18
67.03
82.69
研发费用
834.71
1001.05
1201.61
1486.70
1834.10
流动资产总计
7636.14
8708.34
10071.03
12457.82
15367.31
财务费用
142.41
129.68
101.71
92.64
92.28
长期股权投资
201.13
201.02
200.91
200.81
200.70
资产减值损失
-62.93
9.42
11.54
14.28
17.61
固定资产
642.41
1081.01
911.65
742.29
572.93
信用减值损失
137.40
-18.47
-22.63
-28.00
-34.55
在建工程
0.00
0.00
0.00
0.00
0.00
其他经营损益
0.00
0.00
0.00
0.00
0.00
无形资产
273.26
286.79
242.00
196.61
150.62
投资收益
5.87
-0.11
-0.11
-0.11
-0.11
长期待摊费用
141.39
144.85
72.43
0.00
0.00
公允价值变动损益
0.00
0.00
0.00
0.00
0.00
其他非流动资产
146.93
101.11
95.99
90.86
85.73
资产处置收益
-0.05
0.75
0.75
0.75
0.75
非流动资产合计
1405.13
1814.78
1522.98
1230.57
1009.99
其他收益
210.00
156.11
156.11
156.11
156.11
资产总计
9041.26
10523.12
11594.00
13688.39
16377.30
营业利润
1364.71
1013.01
1146.42
1468.09
1855.16
短期借款
2193.28
2343.36
2182.82
2378.19
2605.81
营业外收入
25.77
13.78
13.78
13.78
13.78
应付票据及账款
74.67
119.50
149.18
184.11
226.86
营业外支出
15.20
8.49
8.49
8.49
8.49
其他流动负债
1962.87
2532.80
2859.33
3530.33
4350.26
其他非经营损益
0.00
0.00
0.00
0.00
0.00
流动负债合计
4230.82
4995.66
5191.33
6092.62
7182.94
利润总额
1375.29
1018.29
1151.70
1473.37
1860.44
长期借款
584.08
378.34
193.09
29.53
-84.95
所得税
120.32
80.66
91.23
116.71
147.37
其他非流动负债
151.33
123.32
123.32
123.32
123.32
净利润
1254.97
937.63
1060.47
1356.66
1713.07
非流动负债合计
735.42
501.66
316.41
152.85
38.37
少数股东损益
-3.66
-7.15
-8.08
-10.34
-13.06
负债合计
4966.24
5497.32
5507.74
6245.47
7221.31
归属母公司股东净利润
1258.63
944.78
1068.55
1367.00
1726.13
股本
360.00
360.00
360.00
360.00
360.00
EBITDA
1704.88
1392.02
1545.11
1858.31
2173.20
资本公积
2644.35
2644.30
2644.30
2644.30
2644.30
NOPLAT
1375.32
1051.48
1148.57
1436.41
1792.49
留存收益
1113.39
2074.10
3142.65
4509.66
6235.79
EPS(元)
1.98
1.49
1.68
2.15
2.72
归属母公司权益
4117.74
5078.40
6146.96
7513.96
9240.09
少数股东权益
-42.72
-52.61
-60.69
-71.04
-84.09
股东权益合计
4075.02
5025.80
6086.26
7442.93
9156.00
负债和股东权益合计
9041.26
10523.12
11594.00
13688.39
16377.30
现金流量表
会计年度
2020
2021
2022E
2023E
2024E
税后经营利润
1254.97
937.63
911.26
1207.46
1563.86
折旧与摊销
187.18
244.04
291.70
292.30
220.47
财务费用
142.41
129.68
101.71
92.64
92.28
投资损失
-5.87
0.11
0.11
0.11
0.11
营运资金变动
-110.79
-762.10
-946.37
-956.05
-1163.58
其他经营现金流
-45.15
-19.26
161.29
161.29
161.29
经营性现金净流量
1422.75
530.10
519.70
797.74
874.44
资本支出
162.51
310.68
0.00
0.00
0.00
长期投资
-2.00
26.05
0.00
0.00
0.00
其他投资现金流
-64.06
64.37
-12.08
-12.08
-12.08
投资性现金净流量
-228.57
-220.27
-12.08
-12.08
-12.08
短期借款
-127.19
150.08
-160.54
195.37
227.62
长期借款
138.24
-205.74
-185.25
-163.56
-114.48
普通股增加
96.37
0.00
0.00
0.00
0.00
资本公积增加
-540.34
-0.05
0.00
0.00
0.00
其他筹资现金流
1.47
-236.29
-101.71
-92.64
-92.28
筹资性现金净流量
-431.45
-292.00
-447.51
-60.84
20.86
现金流量净额
749.18
11.73
60.11
724.82
883.21
