 · 建筑行业
 
 
 
 
 
 
 
1,160,311 
1,154,324 
1,169,271 
1,193,811 
-8.2% 
-0.5% 
1.3% 
2.1% 
27,887 
26,425 
27,477 
28,383 
-16.7% 
-5.2% 
4.0% 
3.3% 
9.8% 
9.8% 
9.9% 
9.9% 
1.13 
1.07 
1.11 
1.15 
5.07 
5.36 
5.15 
4.99 
 
维持评级 
龙天光




 
 
 · 建筑行业
 
 
1,264,092 
1,039,080 
1,118,195 
1,197,980 
1,160,311 
1,154,324 
1,169,271 
1,193,811 
250,062 
228,131 
252,321 
274,052 
1,043,973 
1,039,082 
1,051,468 
1,073,029 
246,194 
167,840 
186,227 
204,962 
6,043 
6,082 
5,993 
6,209 
43,594 
36,400 
37,827 
39,936 
6,944 
6,493 
6,633 
6,877 
40,254 
43,388 
42,231 
43,092 
24,096 
24,686 
24,881 
25,244 
245,716 
216,536 
222,448 
233,989 
26,632 
27,213 
27,388 
27,838 
438,272 
346,786 
377,141 
401,948 
6,242 
6,917 
7,264 
7,652 
992,321 
1,078,630 
1,084,259 
1,095,504 
-3,088 
-3,534 
-3,437 
-3,465 
165,794 
164,829 
163,964 
163,099 
-418 
-265 
-265 
-365 
74,912 
92,937 
93,175 
84,174 
-4,425 
-3,582 
-4,010 
-3,971 
251,624 
296,119 
337,851 
376,821 
38,450 
36,470 
37,933 
39,161 
499,990 
524,745 
489,268 
471,409 
1,268 
972 
1,090 
1,110 
2,256,414 
2,117,710 
2,202,455 
2,293,484 
847 
1,058 
1,049 
985 
1,276,197 
1,081,803 
1,149,585 
1,222,833 
38,871 
36,384 
37,974 
39,286 
100,674 
112,674 
122,674 
132,674 
8,113 
6,921 
7,367 
7,765 
715,507 
525,646 
578,938 
623,017 
30,758 
29,463 
30,607 
31,522 
460,016 
443,482 
447,973 
467,142 
2,871 
3,038 
3,130 
3,139 
470,077 
500,129 
490,069 
480,092 
27,887 
26,425 
27,477 
28,383 
325,646 
355,646 
345,646 
335,646 
59,961 
73,624 
80,367 
86,122 
144,430 
144,483 
144,423 
144,445 
1.13 
1.07 
1.11 
1.15 
1,746,274 
1,581,932 
1,639,654 
1,702,925 
155,425 
158,464 
161,594 
164,733 
-8.2% 
-0.5% 
1.3% 
2.1% 
354,714 
377,314 
401,207 
425,826 
-16.9% 
-5.2% 
4.0% 
3.2% 
2,256,414 
2,117,710 
2,202,455 
2,293,484 
-16.7% 
-5.2% 
4.0% 
3.3% 
9.8% 
9.8% 
9.9% 
9.9% 
2.7% 
2.6% 
2.6% 
2.6% 
28,051 
69,979 
82,519 
89,684 
7.9% 
7.0% 
6.8% 
6.7% 
30,758 
29,463 
30,607 
31,522 
3.5% 
3.2% 
3.3% 
3.3% 
14,848 
30,323 
35,130 
39,184 
77.4% 
74.7% 
74.4% 
74.3% 
6,471 
11,318 
11,745 
11,675 
342.3% 
295.3% 
291.3% 
288.4% 
395 
-235 
75 
80 
0.99 
0.96 
0.97 
0.98 
60,214 
-4,197 
-4,932 
-2,213 
0.43 
0.41 
0.43 
0.44 
-84,635 
3,306 
9,894 
9,436 
0.57 
0.53 
0.54 
0.53 
-82,289 
-118,261 
-42,381 
-51,979 
5.74 
5.56 
6.59 
6.09 
-55,384 
-60,231 
-60,132 
-59,926 
1.69 
1.67 
1.90 
1.79 
-16,324 
-58,000 
18,092 
8,392 
1.13 
1.07 
1.11 
1.15 
-10,581 
-30 
-340 
-445 
1.13 
2.83 
3.34 
3.62 
57,395 
26,351 
-15,948 
-15,974 
14.34 
15.25 
16.22 
17.21 
33,296 
12,000 
10,000 
10,000 
5.07 
5.36 
5.15 
4.99 
45,928 
30,000 
-10,000 
-10,000 
0.40 
0.38 
0.35 
0.33 
-21,829 
-15,649 
-15,948 
-15,974 
6.79 
6.40 
5.56 
4.94 
3,335 
-21,931 
24,191 
21,731 
0.12 
0.12 
0.12 
0.12 
 · 建筑行业
 
 
