 
 
 
银行 | 证券研究报告 — 调整盈利预测 
2023 年10 月29 日 
  
600919.SH 
增持 
原评级：增持 
市场价格:人民币6.89 
板块评级:强于大市 
 
本报告要点 
 
优质报表验证竞争力 
股价表现 
(%) 
今年
至今 
1 
个月 
3 
个月 
12 
个月 
绝对 
(5.9) (4.6) (2.5) (2.8) 
相对上证综指 
(2.7) (1.7) 
3.6 
(4.0) 
发行股数 (百万) 
18,351.32
流通股 (百万) 
18,269.72
总市值 (人民币 百万) 
126,440.63
3 个月日均交易额 (人民币 百万) 
1,046.72
主要股东 
江苏凤凰出版传媒集团有限公司 
7.04
资料来源：公司公告，Wind，中银证券 
以2023 年10 月27 日收市价为标准 
相关研究报告 
《江苏银行》20230831 
《江苏银行》20230803 
《江苏银行》20230502 
中银国际证券股份有限公司 
具备证券投资咨询业务资格 
银行：城商行Ⅱ 
证券分析师：林媛媛 
(86755)82560524 
yuanyuan.lin@bocichina.com 
证券投资咨询业务证书编号：S1300521060001 
联系人：丁黄石 
huangshi.ding@bocichina.com 
一般证券业务证书编号：S1300122030036 
 
江苏银行 
  
优质报表验证竞争力 
  江苏银行前3 季度归母净利润同比增长25.2%，营收同比增9.2%。息收入同比增
速提升，息差环比趋稳；手续费降幅收窄；其他非息增速高位略缓。资产质量平
稳，存量贷款拨备平稳。 
公司区位优势不可复制，客户基础扎实，上市以来经营管理能力持续提升，风险
控制水平不断增强。收入盈利持续快速增长、资产质量持续平稳，高质量报表持
续验证公司竞争力。转债转股进一步增强资本实力，为未来业务持续增长奠定基
础。市场对公司经营管理改善和长期竞争力定价不足，维持对公司增持评级，持
续看好，核心组合推荐。 
支撑评级的要点 
 
盈利增速持续高位，转债转股补充资本 
江苏银行前3 季度归母净利润同比增长25.2%，增速较上半年下降2.0 个百
分点，业绩增速仍行业领先。盈利高增带动ROAE 同比提升1.53 个百分点至
18.08%。前3 季度营业收入同比增长9.2%，较上半年增速下降1.5 个百分点，
息收入提速，非息收入增速放缓。  
3 季度末核心一级资本充足率9.40%，同比上升65bp，转债转股补充资本。
累计200 亿元可转债转股，转股数为35.8 亿股，总股本为183.5 亿股，资本
实力进一步得到增强。 
 
息收入增长提速，3 季度息差环比走平 
前3 季度净利息收入同比增长7.1%，较上半年增速上升0.7 个百分点，3 季
度单季增速为8.5%，较上季度增速上升5.8 个百分点，去年三季度息收入基
数较低，4 季度业绩基数上升。 
测算公司3 季度单季净息差1.89%，环比上季度持平，资产收益率和负债成
本均上升，息差压力略缓解。  
 
对公一般贷款增长积极，零售存款持续发力 
3 季度末公司总资产同比增14.2%，较半年末增速下降0.6 个百分点，其中贷
款同比增12.9%，较中期增速下降0.9 个百分点。拆分看，对公贷款（不含票
据）同比增长18.6%，零售增10.4%，对公增速提升，零售增速放缓，票据
贴现下降11.8%。 
 
3 季度手续费收入表现改善，投资相关收入高基数下走平 
前3 季度非息收入同比增长14.2%，较上半年增速下降7.7 个百分点。其中手续费
收入同比下降14.7%，较上半年降幅收窄9.6 个百分点，3 季度单季手续费同比增
长9%，增速由负增长转正，边际改善显著。其他非息同比增28.3%，较上半年增
速下降21.3 个百分点，高基数叠加市场波动，3 季度单季同比略降0.8%。 
 
资产质量平稳，存量贷款拨备平稳 
3 季度末不良率0.91%，环比持平，不良额环比升2.3%；关注贷款占比1.30%，环
比上升1bp，资产质量总体保持平稳。前3 季度减值损失同比下降21.2%贡献盈利。
3 季度末拨备覆盖率378.12%，环比上升3bp；拨贷比3.44%，环比下降1bp。 
估值 
 
根据公司3 季报业绩和可转债转股情况，我们调整盈利预测，2023/2024 年EPS 为
1.59/1.81 元，目前股价对应2023/2024 年PB 为0.59x/0.50x，维持增持评级。 
评级面临的主要风险 
 
经济下行、海外风险超预期。 
 
投资摘要 
年结日: 12 月31 日 
2021 
2022 
2023E 
2024E 
2025E 
营业收入 
63,771 
70,570 
77,201 
85,261 
96,501 
变动 (%) 
22.58 
10.66 
9.40 
10.44 
13.18 
归母净利润（百万元） 
19,694 
25,386 
31,365 
35,356 
40,115 
变动 (%) 
30.72 
28.90 
23.55 
12.72 
13.46 
每股收益(元) 
 1.21 
 1.60 
 1.59 
 1.81 
 2.07 
原预测 
1.21 
1.60 
1.66 
1.93 
2.21 
变动 (%) 
 
 
-4.2 
-6.2 
-6.3 
净资产收益率(%) 
13.70 
15.82 
16.43 
15.86 
15.34 
市盈率 (倍) 
 5.69 
 4.31 
 4.33 
 3.81 
 3.33 
市净率 (倍) 
 0.67 
 0.60 
 0.59 
 0.50 
 0.43 
资料来源：公司公告，中银证券预测 
(2%)
2%
6%
10%
14%
17%
Oct-22 
Dec-22 
Jan-23 
Feb-23 
Mar-23 
Apr-23 
May-23 
Jun-23 
Jul-23 
Aug-23 
Sep-23 
Oct-23 
江苏银行 
上证综指 
2023 年10 月29 日 
江苏银行 
2 
 
 
图表1. 江苏银行2023 年3 季报摘要 
 
资料来源：公司公告，中银证券，除百分比外，其他为RMB 百万 
 
 
风险提示： 
经济下行、海外风险超预期。 
累积同比
季度环比
季度同比
3Q22
3Q23
YoY(%)
3Q22
4Q22
1Q23
2Q23
3Q23
QoQ(%)
YoY(%)
返回汇总指标
利润表（百万元）
返回目录
利息收入
85,482
95,069
11.2
28,938
30,225
30,611
31,602
32,855
4.0
13.5
利息支出
(47,129)
(53,989)
14.6
(16,124)
(16,313)
(16,898)
(18,139)
(18,953)
4.5
17.5
净利息收入
38,353
41,079
7.1
12,814
13,911
13,714
13,463
13,902
3.3
8.5
净手续费收入
5,042
4,303
(14.7)
1,450
1,210
1,629
1,093
1,581
44.6
9.0
净其他非息收入
10,362
13,296
28.3
4,385
1,693
3,453
5,491
4,352
(20.7)
(0.8)
净非利息收入
15,404
17,599
14.2
5,835
2,903
5,082
6,584
5,933
(9.9)
1.7
营业收入
53,756
58,678
9.2
18,649
16,814
18,795
20,047
19,835
(1.1)
6.4
税金及附加
(584)
(625)
7.1
(209)
(213)
(185)
(216)
(223)
3.3
7.1
业务及管理费
(11,304)
(12,258)
8.4
(4,141)
(6,003)
(3,814)
(4,308)
(4,136)
(4.0)
(0.1)
营业费用及营业税
(11,887)
(12,883)
8.4
(4,350)
(6,216)
(4,000)
(4,524)
(4,360)
(3.6)
0.2
营业外收入及其他费用
(56)
(126)
124.9
(23)
(106)
(37)
(57)
(32)
(42.9)
43.2
拨备前利润
41,813
45,669
9.2
14,276
10,492
14,758
15,467
15,443
(0.2)
8.2
资产减值损失
(15,500)
(12,213)
(21.2)
(5,178)
(4,177)
(4,005)
(3,787)
(4,421)
16.7
(14.6)
税前利润
26,313
33,456
27.1
9,099
6,315
10,754
11,680
11,022
(5.6)
21.1
所得税
(5,101)
(6,882)
34.9
(1,736)
(1,176)
(2,281)
(2,526)
(2,074)
(17.9)
19.5
税后利润
21,213
26,574
25.3
7,363
5,139
8,472
9,154
8,948
(2.2)
21.5
归母利润
20,489
25,654
25.2
7108
4897
8219
8801
8634
(1.9)
21.5
资产负债（百万元）
较年初(%)
生息资产
2,596,691
2,981,812
14.8
2,596,691
2,619,118
2,789,711
2,918,197
2,981,812
2.2
13.8
贷款总额
1,591,218
1,796,731
12.9
1,591,218
1,610,853
1,689,158
1,753,017
1,796,731
2.5
11.5
计息负债
2,664,449
3,019,475
13.3
2,664,449
2,715,066
2,922,308
3,010,081
3,019,475
0.3
11.2
存款
1,666,807
1,939,699
16.4
1,666,807
1,658,678
1,851,561
1,883,588
1,939,699
3.0
16.9
加权风险资产
1,937,420
2,233,224
15.3
1,937,420
1,953,238
2,153,228
2,202,992
2,233,224
1.4
14.3
业绩增长拆分
3Q22
3Q23
3Q22
4Q22
1Q23
2Q23
3Q23
规模增长
12.74
13.85
2.83
1.87
4.50
5.07
2.14
净息差扩大
0.08
(6.74)
(5.07)
6.68
(5.92)
(6.90)
1.12
非息收入
2.06
2.05
5.43
(18.40)
13.20
8.49
(4.32)
成本
(0.92)
0.07
(2.50)
(16.67)
28.88
(1.86)
0.90
拨备
14.96
17.92
6.24
(4.08)
29.62
3.81
(5.48)
税收
2.71
(1.87)
(2.31)
0.39
(5.42)
(0.57)
3.39
净息差
年累计同比
季度环比
单季度指标（年化）
QoQ(bp)
净息差-测算2
1.99
1.89
(0.10)
1.99
2.13
2.03
1.89
1.89
(0.00)
生息资产收益率-测算2
4.48
4.45
(0.03)
4.48
4.64
4.53
4.43
4.45
0.03
计息负债成本率-测算2
2.44
2.51
0.07
2.44
2.43
2.40
2.45
2.51
0.07
累计指标（年化）
年累计同比
净息差-公告
0.00
0.00
N.A.
0.00
2.32
0.00
2.28
0.00
净利差-公告
0.00
0.00
N.A.
0.00
2.11
0.00
2.06
0.00
净息差-测算2
2.02
1.93
(0.09)
2.02
2.05
2.03
1.96
1.93
生息资产收益率-测算2
4.51
4.47
(0.04)
4.51
4.54
4.53
4.48
4.47
计息负债成本率-测算2
2.48
2.45
(0.03)
2.48
2.47
2.40
2.42
2.45
规模
年累计同比
季度环比
QoQ(%)
季度环比
总资产
2922769
3336346
14.15
2922769
2980295
3189227
3294583
3336346
1.27
生息资产-期末时点
2596691
2981812
14.83
2596691
2619118
2789711
2918197
2981812
2.18
贷款总额--期末时点
1591218
1796731
12.92
1591218
1610853
1689158
1753017
1796731
2.49
债券投资计息-期末时点
672057
789357
17.45
672057
674683
722339
769284
789357
2.61
交易类-期末时点
345937
369050
6.68
345937
379280
419179
396434
369050
(6.91)
计息负债--期末时点
2664449
3019475
13.32
2664449
2715066
2922308
3010081
3019475
0.31
存款--期末时点
1666807
1939699
16.37
1666807
1658678
1851561
1883588
1939699
2.98
规模同比
总资产
13.17
14.15
13.17
13.80
15.35
14.77
14.15
生息资产
11.26
14.83
11.26
10.74
10.30
13.74
14.83
贷款总额
15.06
12.92
15.06
14.59
14.81
13.80
12.92
债券投资
5.51
17.58
5.51
3.87
(0.08)
10.12
17.58
交易类
31.99
6.68
31.99
41.03
66.30
22.41
6.68
计息负债
13.07
13.32
13.07
13.92
19.08
14.95
13.32
存款
11.11
16.37
11.11
12.16
13.55
13.54
16.37
结构占比
生息资产/总资产
88.84
89.37
0.53
88.84
87.88
87.47
88.58
89.37
0.90
贷款总额/生息资产
61.28
60.26
(1.02)
54.44
54.05
52.96
53.21
53.85
1.21
债券投资/生息资产
25.88
26.47
0.59
22.99
22.64
22.65
23.35
23.66
1.32
交易类/总资产
11.84
11.06
(0.77)
11.84
12.73
13.14
12.03
11.06
(8.07)
计息负债/生息资产
102.61
101.26
(1.35)
102.61
103.66
104.75
103.15
101.26
(1.83)
存款/计息负债
62.56
64.24
1.68
62.56
61.09
63.36
62.58
64.24
2.66
贷存比
95.47
92.63
(2.84)
95.47
90.75
92.19
95.06
92.63
(2.55)
手续费
季度环比
年累计
QoQ(%)
手续费
5,042
           
4,303
           
1,450
         
1,210
         
1,629
         
1,093
         
1,581
         
44.58
手续费占比
9.38
7.33
(2.05)
7.77
7.20
8.67
5.45
7.97
其他非息占比
19.28
22.66
3.38
23.51
10.07
18.37
27.39
21.94
投资收益
8,015
9,186
公允价值
1,334
2,671
资产质量和拨备
季度环比
不良贷款率
0.96
0.91
(0.05)
0.96
0.94
0.92
0.91
0.91
(0.00)
不良余额
15,236
16,282
6.87
15,236
15,103
15,548
15,910
16,282
2.34
不良生成率（年累计）
N.A.
N.A.
N.A.
0.88
N.A.
0.96
N.A. N.A.
单季度测算不良净生成率
N.A.
N.A.
1.07
0.73
0.83
0.44
1.04
0.60
测算仅供参考
关注类占比
1.29
1.30
1.29
1.31
1.24
1.29
1.30
0.01
逾期占比
0.00%
0.00%
0.00
1.02
0.98
0.99
0.00
90天以内逾期贷款增速
0.00%
0.00%
19.90
17.93
相比上一个报告期增速（半年）
逾期/不良
0.00%
0.00%
0.00
107.83
106.06
108.98
0.00
90天以上逾期/不良
0.00%
0.00%
0.00
0.67
0.00
0.68
0.00
年累计核销-公告
N.A.
N.A.
0
12,347
0
6,885
0
信用成本-年累计
N.A.
N.A.
N.A.
1.25
N.A.
1.18
N.A.
资产减值损失/总资产
0.71
0.49
0.71
0.56
0.50
0.46
0.53
拨备覆盖率
360.05
378.12
18.07
360.05
371.66
365.70
378.09
378.12
0.03
拨备/贷款总额
3.46
3.44
(0.02)
3.46
3.50
3.38
3.45
3.44
(0.01)
拨备余额
54,856
         
61,567
         
54,856
       
56,131
       
56,857
       
60,153
       
61,567
       
注：去年3季度及今年1季度，计算拨备覆盖率及拨贷比时，仅包括以摊余成本计量的贷款部分减值准备，故不可比
成本和税收
季度环比
年累计
成本收入比(年累计)
21.03
20.89
(0.14)
成本收入比（单季度）
22.21
35.70
20.29
21.49
20.85
费用增速
(3.98)
有效税率(年累计)
19.38
20.57
有效税率（单季度）
19.07
18.62
21.21
21.63
18.82
资本和盈利能力
季度环比
年累计同比
QoQ(bp)
核心一级资本充足率
8.75
9.40
0.65
8.75
8.79
8.38
8.86
9.40
0.54
一级资本充足率
10.84
11.21
0.37
10.84
10.87
10.27
10.71
11.21
0.50
资本充足率
13.06
13.30
0.24
13.06
13.07
12.38
12.80
13.30
0.50
融资进度
ROAA-公布
1.02
1.12
0.10
1.02
0.94
1.10
1.12
1.12
0.00
ROAE-公布
16.55
18.08
1.53
16.55
14.79
17.29
18.20
18.08
(0.12)
RORWA-计算
1.47
1.60
0.12
1.47
1.35
1.65
1.62
1.60
(0.02)
2023 年10 月29 日 
江苏银行 
3 
 
 
 
主要比率（%） 
财务报表(人民币 百万元) 
每股指标 (RMB) 
2021 
2022 
2023E 
2024E 
2025E 
利润表 
2021 
2022 
2023E 
2024E 
2025E 
PE 
5.69 
4.31 
4.33 
3.81 
3.33 
利息收入 
104,871 
115,707 
127,615 
141,923 
160,505 
PB 
0.67 
0.60 
0.59 
0.50 
0.43 
利息支出 
(59,392) 
(63,443) 
(71,711) 
(80,090) 
(89,775) 
 
 
 
 
 
净利息收入 
45,480 
52,264 
55,904 
61,834 
70,730 
EPS 
1.21 
1.60 
1.59 
1.81 
2.07 
手续费净收入 
7,490 
6,252 
5,627 
6,189 
6,808 
BVPS 
10.31 
11.42 
11.61 
13.79 
16.14 
营业收入 
63,771 
70,570 
77,201 
85,261 
96,501 
 
 
 
 
 
业务及管理费 
(14,307) 
(17,307) 
(18,914) 
(20,889) 
(23,643) 
每股拨备前利润 
3.30 
3.54 
3.12 
3.45 
3.90 
拨备前利润 
48,756 
52,305 
57,261 
63,253 
71,612 
驱动性因素(%) 
 
 
 
 
 
拨备 
(22,280) 
(19,676) 
(16,336) 
(17,566) 
(19,937) 
生息资产增长 
12.09 
13.86 
12.54 
12.81 
12.82 
税前利润 
26,476 
32,629 
40,925 
45,688 
51,675 
贷款增长 
16.51 
14.59 
13.50 
13.50 
13.50 
税后利润 
20,409 
26,352 
32,331 
36,322 
41,081 
存款增长 
11.20 
12.16 
13.00 
12.00 
12.00 
归属母公司净利 
19,694 
25,386 
31,365 
35,356 
40,115 
贷款收益率 
5.34 
5.31 
5.12 
5.00 
5.00 
资产负债表 
 
 
 
 
 
生息资产收益率 
4.21 
4.11 
4.01 
3.95 
3.96 
贷款总额 
1,405,709 1,610,853 1,828,318 2,075,141 2,355,285 
存款付息率 
2.36 
2.37 
2.37 
2.34 
2.32 
贷款减值准备 
(48,279) 
(56,131) 
(59,284) 
(64,430) 
(69,157) 
计息负债付息率 
2.63 
2.49 
2.49 
2.47 
2.45 
贷款净额 
1,357,430 1,554,722 1,769,034 2,010,711 2,286,127 
净息差 
1.83 
1.86 
1.76 
1.72 
1.75 
债券投资 
918,032 1,053,964 1,180,439 1,322,092 1,480,743 
风险成本 
1.71 
1.30 
0.95 
0.90 
0.90 
存放央行 
130,994 
140,826 
149,944 
167,938 
188,090 
净手续费增速 
22.96 
14.92 
6.96 
10.61 
14.39 
同业资产 
113,675 
118,401 
130,241 
143,265 
157,591 
成本收入比 
22.44 
24.52 
24.50 
24.50 
24.50 
其他资产 
98,743 
112,383 
148,157 
166,745 
186,527 
所得税税率 
22.91 
19.24 
21.00 
20.50 
20.50 
生息资产 
2,632,015 2,996,689 3,372,485 3,804,510 4,292,195 
盈利及杜邦分析(%) 
 
 
 
 
 
资产总额 
2,618,874 2,980,295 3,377,815 3,809,823 4,297,100 
ROAA 
0.82 
0.94 
1.04 
1.06 
1.06 
 
 
 
 
 
ROAE 
13.70 
15.82 
16.43 
15.86 
15.34 
存款 
1,478,812 1,658,678 1,874,306 2,099,222 2,351,129 
净利息收入 
1.84 
1.87 
1.80 
1.84 
1.87 
同业负债 
471,728 
578,083 
653,234 
751,219 
863,902 
非净利息收入 
0.74 
0.65 
0.67 
0.65 
0.64 
发行债券 
432,761 
478,305 
526,136 
589,272 
659,985 
营业收入 
2.57 
2.52 
2.47 
2.49 
2.50 
计息负债 
2,383,302 2,715,066 3,053,676 3,439,714 3,875,016 
营业支出 
0.61 
0.65 
0.63 
0.64 
0.64 
负债总额 
2,420,819 2,764,863 3,115,995 3,509,912 3,954,098 
拨备前利润 
1.97 
1.87 
1.83 
1.85 
1.86 
 
 
 
 
 
拨备 
0.90 
0.70 
0.51 
0.52 
0.52 
股本 
14,770 
14,770 
18,351 
18,351 
18,351 
税前利润 
1.07 
1.17 
1.32 
1.33 
1.34 
资本公积 
27,700 
27,700 
47,481 
47,481 
47,481 
税收 
0.24 
0.22 
0.28 
0.27 
0.27 
盈余公积 
22,786 
26,519 
31,099 
36,244 
42,064 
业绩年增长率(%) 
 
 
 
 
 
一般风险准备 
37,215 
42,028 
46,651 
51,782 
57,478 
净利息收入 
22.96 
14.92 
6.96 
10.61 
14.39 
未分配利润 
44,727 
53,860 
68,496 
96,756 
128,046 
营业收入 
22.58 
10.66 
9.40 
10.44 
13.18 
股东权益 
198,056 
215,431 
259,846 
299,912 
343,002 
拨备前利润 
24.58 
7.28 
9.48 
10.46 
13.21 
 
 
 
 
 
归属母公司利润 
30.72 
28.90 
23.55 
12.72 
13.46 
资本状况(%) 
 
 
 
 
 
资产质量(%) 
 
 
 
 
 
资本充足率 
13.38 
13.07 
15.51 
16.90 
17.99 
不良率 
1.08 
0.94 
0.90 
0.98 
0.92 
核心一级资本 
8.78 
8.79 
9.68 
9.87 
10.06 
拨备覆盖率 
317.83 
370.23 
359.58 
317.33 
319.36 
杠杆率 
13.22 
13.83 
12.90 
12.70 
12.53 
拨贷比 
3.43 
3.48 
3.24 
3.10 
2.94 
RORWA 
1.24 
1.42 
1.61 
1.67 
1.70 
不良净生成率（测算） 
0.80 
0.88 
0.85 
0.84 
0.75 
风险加权系数 
67.46 
65.54 
64.19 
63.17 
62.17 
资料来源：公司公告，中银证券预测 
资料来源：公司公告，中银证券预测 
 
2023 年10 月29 日 
江苏银行 
4 
 
 
披露声明 
本报告准确表述了证券分析师的个人观点。该证券分析师声明，本人未在公司内、外部机构兼任有损本人独立性与客
观性的其他职务，没有担任本报告评论的上市公司的董事、监事或高级管理人员；也不拥有与该上市公司有关的任何
财务权益；本报告评论的上市公司或其它第三方都没有或没有承诺向本人提供与本报告有关的任何补偿或其它利益。 
中银国际证券股份有限公司同时声明，将通过公司网站披露本公司授权公众媒体及其他机构刊载或者转发证券研究报
告有关情况。如有投资者于未经授权的公众媒体看到或从其他机构获得本研究报告的，请慎重使用所获得的研究报告，
以防止被误导，中银国际证券股份有限公司不对其报告理解和使用承担任何责任。 
评级体系说明 
以报告发布日后公司股价/行业指数涨跌幅相对同期相关市场指数的涨跌幅的表现为基准： 
公司投资评级： 
买    入：预计该公司股价在未来6-12 个月内超越基准指数20%以上； 
增    持：预计该公司股价在未来6-12 个月内超越基准指数10%-20%； 
中    性：预计该公司股价在未来6-12 个月内相对基准指数变动幅度在-10%-10%之间； 
减    持：预计该公司股价在未来6-12 个月内相对基准指数跌幅在10%以上； 
未有评级：因无法获取必要的资料或者其他原因，未能给出明确的投资评级。 
 
行业投资评级： 
强于大市：预计该行业指数在未来6-12 个月内表现强于基准指数； 
中    性：预计该行业指数在未来6-12 个月内表现基本与基准指数持平； 
弱于大市：预计该行业指数在未来6-12 个月内表现弱于基准指数； 
未有评级：因无法获取必要的资料或者其他原因，未能给出明确的投资评级。 
 
沪深市场基准指数为沪深300 指数；新三板市场基准指数为三板成指或三板做市指数；香港市场基准指数为恒生指数
或恒生中国企业指数；美股市场基准指数为纳斯达克综合指数或标普500 指数。 
 
 
 
 
风险提示及免责声明 
本报告由中银国际证券股份有限公司证券分析师撰写并向特定客户发布。 
本报告发布的特定客户包括：1) 基金、保险、QFII、QDII 等能够充分理解证券研究报告，
具备专业信息处理能力的中银国际证券股份有限公司的机构客户；2) 中银国际证券股份有
限公司的证券投资顾问服务团队，其可参考使用本报告。中银国际证券股份有限公司的证券
投资顾问服务团队可能以本报告为基础，整合形成证券投资顾问服务建议或产品，提供给接
受其证券投资顾问服务的客户。 
中银国际证券股份有限公司不以任何方式或渠道向除上述特定客户外的公司个人客户提供
本报告。中银国际证券股份有限公司的个人客户从任何外部渠道获得本报告的，亦不应直接
依据所获得的研究报告作出投资决策；需充分咨询证券投资顾问意见，独立作出投资决策。
中银国际证券股份有限公司不承担由此产生的任何责任及损失等。 
本报告内含保密信息，仅供收件人使用。阁下作为收件人，不得出于任何目的直接或间接复
制、派发或转发此报告全部或部分内容予任何其他人，或将此报告全部或部分内容发表。如
发现本研究报告被私自刊载或转发的，中银国际证券股份有限公司将及时采取维权措施，追
究有关媒体或者机构的责任。所有本报告内使用的商标、服务标记及标记均为中银国际证券
股份有限公司或其附属及关联公司（统称“中银国际集团”）的商标、服务标记、注册商标或
注册服务标记。 
本报告及其所载的任何信息、材料或内容只提供给阁下作参考之用，并未考虑到任何特别的
投资目的、财务状况或特殊需要，不能成为或被视为出售或购买或认购证券或其它金融票据
的要约或邀请，亦不构成任何合约或承诺的基础。中银国际证券股份有限公司不能确保本报
告中提及的投资产品适合任何特定投资者。本报告的内容不构成对任何人的投资建议，阁下
不会因为收到本报告而成为中银国际集团的客户。阁下收到或阅读本报告须在承诺购买任何
报告中所指之投资产品之前，就该投资产品的适合性，包括阁下的特殊投资目的、财务状况
及其特别需要寻求阁下相关投资顾问的意见。 
尽管本报告所载资料的来源及观点都是中银国际证券股份有限公司及其证券分析师从相信
可靠的来源取得或达到，但撰写本报告的证券分析师或中银国际集团的任何成员及其董事、
高管、员工或其他任何个人（包括其关联方）都不能保证它们的准确性或完整性。除非法律
或规则规定必须承担的责任外，中银国际集团任何成员不对使用本报告的材料而引致的损失
负任何责任。本报告对其中所包含的或讨论的信息或意见的准确性、完整性或公平性不作任
何明示或暗示的声明或保证。阁下不应单纯依靠本报告而取代个人的独立判断。本报告仅反
映证券分析师在撰写本报告时的设想、见解及分析方法。中银国际集团成员可发布其它与本
报告所载资料不一致及有不同结论的报告，亦有可能采取与本报告观点不同的投资策略。为
免生疑问，本报告所载的观点并不代表中银国际集团成员的立场。 
本报告可能附载其它网站的地址或超级链接。对于本报告可能涉及到中银国际集团本身网站
以外的资料，中银国际集团未有参阅有关网站，也不对它们的内容负责。提供这些地址或超
级链接（包括连接到中银国际集团网站的地址及超级链接）的目的，纯粹为了阁下的方便及
参考，连结网站的内容不构成本报告的任何部份。阁下须承担浏览这些网站的风险。 
本报告所载的资料、意见及推测仅基于现状，不构成任何保证，可随时更改，毋须提前通知。
本报告不构成投资、法律、会计或税务建议或保证任何投资或策略适用于阁下个别情况。本
报告不能作为阁下私人投资的建议。 
过往的表现不能被视作将来表现的指示或保证，也不能代表或对将来表现做出任何明示或暗
示的保障。本报告所载的资料、意见及预测只是反映证券分析师在本报告所载日期的判断，
可随时更改。本报告中涉及证券或金融工具的价格、价值及收入可能出现上升或下跌。 
部分投资可能不会轻易变现，可能在出售或变现投资时存在难度。同样，阁下获得有关投资
的价值或风险的可靠信息也存在困难。本报告中包含或涉及的投资及服务可能未必适合阁下。
如上所述，阁下须在做出任何投资决策之前，包括买卖本报告涉及的任何证券，寻求阁下相
关投资顾问的意见。 
中银国际证券股份有限公司及其附属及关联公司版权所有。保留一切权利。 
中银国际证券股份有限公司 
中国上海浦东 
银城中路200 号 
中银大厦39 楼 
邮编200121 
电话: (8621) 6860 4866 
传真: (8621) 5888 3554 
 
 
 
相关关联机构： 
 
中银国际研究有限公司 
香港花园道一号 
中银大厦二十楼 
电话:(852) 3988 6333 
致电香港免费电话: 
中国网通10 省市客户请拨打：10800 8521065 
中国电信21 省市客户请拨打：10800 1521065 
新加坡客户请拨打：800 852 3392 
传真:(852) 2147 9513 
 
中银国际证券有限公司 
香港花园道一号 
中银大厦二十楼 
电话:(852) 3988 6333 
传真:(852) 2147 9513 
 
中银国际控股有限公司北京代表处 
中国北京市西城区 
西单北大街110 号8 层 
邮编:100032 
电话: (8610) 8326 2000 
传真: (8610) 8326 2291 
 
中银国际(英国)有限公司 
2/F, 1 Lothbury 
London EC2R 7DB 
United Kingdom 
电话: (4420) 3651 8888 
传真: (4420) 3651 8877 
 
中银国际(美国)有限公司 
美国纽约市美国大道1045 号 
7 Bryant Park 15 楼 
NY 10018 
电话: (1) 212 259 0888 
传真: (1) 212 259 0889 
 
中银国际(新加坡)有限公司 
注册编号 199303046Z 
新加坡百得利路四号 
中国银行大厦四楼(049908) 
电话: (65) 6692 6829 / 6534 5587 
传真: (65) 6534 3996 / 6532 3371 
