 
 
请务必参阅最后一页股票评级说明和免责声明 
 
 
 
 
 
证券研究报告：公司研究 
非银行金融 
报告原因：点评报告 
中国平安（601318）              
 行业龙头演绎强者很强                  增持  
2017 年10 月28 日 
 
公司研究/点评报告 
 
中国平安近一年市场表现： 
 
 
 
 
 
 
 
 
 
 
 
市场数据：2017 年10 月28 日 
收盘价（元） 
63.93 
一年内最高/最低（元） 
63.98/33.30 
总股本（亿） 
182.80 
流通股市值（亿元） 
6925 
总市值（亿元） 
11686 
 
基础数据：2017 年10 月28 日 
每股净资产（元） 
24.52 
每股资本公积（元） 
6.72 
每股未分配利润（元） 
12.16 
事件描述：中国平安于10 月28 日公布2017 年第三季度报告。报告期
内，公司实现营业收入6630.06 亿元，同比增长21.4%；实现归属于母
公司股东的净利润663.18 亿元，同比增长17.36%。如果剔除2016 年上
半年普惠重组利润的影响，同比增长41.1%。 
事件点评： 
 
寿险及健康险业务高速增长。报告期内，寿险及健康险新业务价值
同比增长35.5%。个险渠道铺设更加完善，核心竞争力代理人无论
从数量还是质量同比都有提高。前三季度，代理人数量同比增长
27.9%至143.4 万人，代理人产能同比增长9.9%至9702 元。在保险
业回归保障本质的大环境下，中国平安在前三季度寿险业务成绩单
亮眼，在不断加大保障型产品销售力度的转型过程中效果显现。 
 
财险综合成本率领先行业。报告期内，平安产线业务仍继续保持增
长。前三季度，平安产险保费收入同比增长23.6%。综合成本率虽
然较去年同期有所上升，但是仍然优于行业整体水平。 
 
科技创新不断深化，配合各业务快速增长。报告期内，公司持续推
动金融创新，在大数据、人工智能领域持续申请专利。科技创新对
平安业务上的推动主要体现在两个方面：第一，通过科技创新，平
安的客户体验不断提升，客户数得到有效的积累，尤其在零售银行
转型的过程中，金融创新功不可没；第二，科技代替人力的趋势越
来越明显，从而在成本端的压力越来越小，利润的增长得到释放。 
 
投资建议：我们认为从行业整体角度来说，保险行业的未来需求会
随着消费升级而大幅增长，行业景气度会不断提升。从寿险角度来
说，保障型产品是保险未来发展的重中之重，平安在这方面做出的
努力有目共睹；科技领域的不断创新领先同行业竞争对手，智能化
带来高质量的客户体验与成本端的不断降低。中国平安的核心竞争
力已经从个险渠道发展成为个险渠道和科技创新的双轮驱动。作为
价值投资很好的标的，公司的长期估值扔有很大的上升空间，给予
增持评级。 
 
风险因素：利率下行的风险；股价上涨过多回调的风险 
 
分析师 
刘丽 
执业证书编号：S0760511050001 
Tel：0351-8686794 
Email：liuli2@sxzq.com 
 
联系人 
陈明 
Tel: 0351-8686797  
Email: chenming@sxzq.com 
 
                                                       公司研究/点评报告 
    
请务必参阅最后一页股票评级说明和免责声明 
                                                                  2    
 
资产负债表 
单位：百万元 
2016A 
2017E 
2018E 
2019E 
资产： 
  
  
  
  
  货币及拆除资金 
764,583  
902,208  
1,064,605  
1,256,234  
  金融资产 
765,697  
903,522  
1,066,157  
1,258,065  
  应收资产 
859,882  
1,014,661  
1,197,300  
1,412,814  
  保户质押贷款 
64,634  
76,268  
89,996  
106,196  
  持有至到期投资 
1,009,714  
1,191,463  
1,405,926  
1,658,992  
  长期股权投资 
48,955  
57,767  
68,165  
80,435  
  存出资本保证金 
12,098  
14,276  
16,845  
19,877  
  固定资产 
36,147  
42,653  
50,331  
59,391  
  无形资产 
36,550  
43,129  
50,892  
60,053  
  商誉 
20,639  
24,354  
28,738  
33,911  
  独立账户资产 
43,790  
51,672  
60,973  
71,948  
  递延所得税资产 
28,292  
33,385  
39,394  
46,485  
  投资性房地产 
42,396  
50,027  
59,032  
69,658  
  定期存款 
189,950  
224,141  
264,486  
312,094  
  其他资产 
182,588  
215,454  
254,236  
299,998  
资产差额(特殊报表科目) 
1,568,438  
1,850,757  
2,183,893  
2,576,994  
资产总计 
5,576,903  
6,580,746  
7,765,280  
9,163,030  
负债： 
  
  
  
  
  短期借款 
56,904  
66,578  
77,896  
91,138  
  拆入资金 
52,586  
61,526  
71,985  
84,222  
  金融负债 
123,764  
144,804  
169,421  
198,222  
  预收保费 
52,239  
61,120  
71,510  
83,667  
  应付账户 
534,511  
625,378  
731,692  
856,080  
  保户储金及投资款 
472,557  
552,892  
646,883  
756,853  
  责任准备金 
1,154,056  
1,350,246  
1,579,787  
1,848,351  
  长期借款 
71,258  
83,372  
97,545  
114,128  
  独立账户负债 
43,790  
51,234  
59,944  
70,135  
  递延所得税负债 
11,274  
13,191  
15,433  
18,057  
  其他负债 
203,933  
238,602  
279,164  
326,622  
  负债差额(特殊报表科目) 
2,313,570  
2,706,877  
3,167,046  
3,705,444  
  负债合计 
5,090,442  
5,955,817  
6,968,306  
8,152,918  
所有者权益(或股东权益)： 
  
  
  
  
  股本 
18,280  
2,048  
2,612  
3,311  
  资本公积金 
122,510  
13,728  
17,507  
22,190  
  其它综合收益 
18,562  
2,080  
2,653  
3,362  
  盈余公积金 
11,366  
1,274  
1,624  
2,059  
  未分配利润 
175,932  
19,714  
25,142  
31,866  
  一般风险准备 
36,799  
4,124  
5,259  
6,665  
                                                       公司研究/点评报告 
    
请务必参阅最后一页股票评级说明和免责声明 
                                                                  3    
 
  归属于母公司所有者权益合计 
383,449  
42,968  
54,797  
69,452  
  少数股东权益 
103,012  
11,543  
14,721  
18,658  
  所有者权益合计 
486,461  
54,511  
69,518  
88,110  
负债及股东权益总计 
5,576,903  
624,928  
796,974  
1,010,112  
数据来源：山西证券研究所 
 
利润表 
单位：百万元 
2016A 
2017E 
2018E 
2019E 
营业收入 
712,453  
854,943  
1,051,580  
1,346,023  
已赚保费 
441,620  
495,867  
609,916  
780,693  
银行业务利息净收入 
78,138  
94,044  
115,674  
148,063  
非保险业务手续费及佣金净收入 
35,467  
42,747  
52,579  
67,301  
投资净收益 
109,678  
128,241  
157,737  
201,903  
公允价值变动净收益 
3,831  
41,445  
51,339  
65,777  
汇兑净收益 
1,401  
1,302  
1,240  
1,524  
其他业务收入 
42,318  
51,297  
63,095  
80,761  
营业支出 
619,085  
1,241,161  
956,117  
767,018  
  退保金 
16,050  
37,235  
28,684  
23,011  
  赔付支出 
140,236  
279,261  
215,126  
172,579  
  提取保险责任准备金 
149,613  
285,467  
219,907  
176,414  
  保户红利支出 
11,236  
24,823  
19,122  
15,340  
  税金及附加 
9,268  
12,412  
9,561  
7,670  
  手续费及佣金支出 
78,742  
161,351  
124,295  
99,712  
  管理费用 
129,997  
285,467  
219,907  
176,414  
  其他业务成本 
51,076  
124,116  
95,612  
76,702  
  资产减值损失 
48,894  
31,029  
23,903  
19,175  
营业利润 
93,368  
104,862  
95,463  
87,925  
  加：营业外收入 
1,402  
6,298  
3,817  
2,313  
  减：营业外支出 
359  
530  
520  
500  
利润总额 
94,411  
110,630  
98,760  
89,738  
  减：所得税 
22,043  
25,445  
22,715  
20,640  
净利润 
72,368  
85,185  
76,045  
69,098  
每股收益 
3.49  
4.66  
4.16  
3.78  
数据来源：山西证券研究所 
 
现金流量表 
单位：百万元 
2016A 
2017E 
2018E 
2019E 
经营活动现金流 
227,821  
229,081  
309,456  
335,678  
投资活动现金流 
-330,616  
-272,654  
-245,693  
-274,901  
筹资活动现金流 
133,004  
152,308  
187,592  
210,346  
数据来源：山西证券研究所 
                                                       公司研究/点评报告 
    
请务必参阅最后一页股票评级说明和免责声明 
                                                                  4    
 
投资评级的说明： 
 
——报告发布后的6 个月内上市公司股票涨跌幅相对同期上证指数/深证成指的涨跌幅为基准 
 
——股票投资评级标准：  
 
买入：  相对强于市场表现20%以上 
增持：  相对强于市场表现5～20%      
中性：  相对市场表现在-5%～+5%之间波动 
减持：  相对弱于市场表现5%以下 
 
 
 
——行业投资评级标准： 
 
看好：  行业超越市场整体表现 
中性：  行业与整体市场表现基本持平 
看淡：  行业弱于整体市场表现 
 
 
 
 
 
 
 
 
 
 
 
 
免责声明： 
山西证券股份有限公司(以下简称“本公司”)具备证券投资咨询业务资格。本报告是基于本公司认为可靠的已
公开信息，但本公司不保证该等信息的准确性或完整性。入市有风险，投资需谨慎。在任何情况下，本报告中的
信息或所表述的意见并不构成对任何人的投资建议。在任何情况下，本公司不对任何人因使用本报告中的任何内
容所引致的任何损失负任何责任。本报告所载的资料、意见及推测仅反映本所于发布本报告当日的判断。在不同
时期，本所可发出与本报告所载资料、意见及推测不一致的报告。本公司或其关联机构在法律许可的情况下可能
持有或交易本报告中提到的上市公司所发行的证券或投资标的，还可能为或争取为这些公司提供投资银行或财务
顾问服务。客户应当考虑到本公司可能存在可能影响本报告客观性的利益冲突。本公司在知晓范围内履行披露义
务。本报告的版权归本公司所有。本公司对本报告保留一切权利。未经本公司事先书面授权，本报告的任何部分
均不得以任何方式制作任何形式的拷贝、复印件或复制品，或再次分发给任何其他人，或以任何侵犯本公司版权
的其他方式使用。否则，本公司将保留随时追究其法律责任的权利。 
