 · 建筑行业
 
 
 
 
 
 
 
436,713 
480,821 
498,130 
510,584 
7.6% 
10.1% 
3.6% 
2.5% 
8,396 
8,494 
8,664 
8,805 
5.1% 
1.2% 
2.0% 
1.6% 
12.4% 
11.8% 
11.8% 
11.7% 
0.20 
0.20 
0.21 
0.21 
12.07 
11.93 
11.69 
11.51 
 
维持评级 
龙天光




 
 
 · 建筑行业
 
 
447,305 
525,057 
571,111 
606,219 
436,713 
480,821 
498,130 
510,584 
91,162 
113,530 
145,554 
175,568 
382,530 
424,056 
439,113 
450,944 
85,237 
94,095 
96,889 
99,629 
1,654 
1,911 
1,868 
1,959 
32,258 
34,925 
36,929 
37,551 
2,391 
2,366 
2,503 
2,625 
30,180 
38,393 
39,167 
38,876 
14,833 
17,270 
17,636 
17,919 
74,877 
81,787 
84,923 
87,484 
13,982 
14,823 
15,743 
16,075 
133,591 
162,328 
167,649 
167,112 
5,379 
6,732 
7,051 
6,943 
421,700 
432,700 
427,235 
420,253 
-1,048 
-424 
-418 
-413 
68,336 
70,375 
70,375 
70,375 
45 
0 
0 
0 
73,934 
95,125 
96,151 
92,505 
-112 
1,705 
1,463 
1,816 
100,522 
101,336 
101,930 
102,307 
14,828 
14,945 
15,260 
15,522 
178,909 
165,865 
158,778 
155,066 
648 
427 
461 
512 
869,005 
957,757 
998,346 
1,026,472 
348 
363 
352 
354 
437,230 
483,472 
506,815 
519,549 
15,128 
15,008 
15,369 
15,680 
40,193 
53,402 
57,402 
60,402 
3,304 
3,267 
3,242 
3,382 
188,538 
223,854 
233,308 
233,300 
11,824 
11,741 
12,128 
12,298 
208,499 
206,216 
216,105 
225,847 
3,428 
3,247 
3,464 
3,493 
225,946 
256,495 
261,465 
264,511 
8,396 
8,494 
8,664 
8,805 
193,010 
216,911 
221,911 
224,911 
28,916 
39,867 
42,365 
44,060 
32,936 
39,584 
39,554 
39,600 
0.20 
0.20 
0.21 
0.21 
663,176 
739,967 
768,280 
784,059 
89,818 
93,065 
96,529 
100,022 
7.6% 
10.1% 
3.6% 
2.5% 
116,011 
124,725 
133,537 
142,391 
5.6% 
0.8% 
2.1% 
1.7% 
869,005 
957,757 
998,346 
1,026,472 
5.1% 
1.2% 
2.0% 
1.6% 
12.4% 
11.8% 
11.8% 
11.7% 
2.7% 
2.4% 
2.4% 
2.4% 
11,027 
14,499 
45,416 
46,265 
7.2% 
6.8% 
6.5% 
6.2% 
11,824 
11,741 
12,128 
12,298 
3.3% 
3.2% 
3.2% 
3.1% 
8,410 
18,127 
19,944 
21,438 
76.3% 
77.3% 
77.0% 
76.4% 
5,379 
7,524 
8,187 
8,398 
322.2% 
339.8% 
333.9% 
323.4% 
-729 
-830 
-695 
-815 
1.02 
1.09 
1.13 
1.17 
-16,337 
-1,762 
1,854 
-609 
0.49 
0.52 
0.57 
0.62 
2,481 
-20,301 
3,998 
5,556 
0.53 
0.53 
0.51 
0.50 
-50,336 
-27,072 
-12,811 
-12,435 
5.34 
5.36 
5.22 
5.20 
-44,351 
-24,634 
-13,506 
-13,250 
1.95 
2.06 
1.92 
1.93 
-7,561 
-3,203 
0 
0 
0.20 
0.20 
0.21 
0.21 
1,576 
766 
695 
815 
0.26 
0.35 
1.09 
1.11 
53,362 
34,941 
-581 
-3,816 
2.78 
2.99 
3.20 
3.42 
5,178 
13,209 
4,000 
3,000 
12.07 
11.93 
11.69 
11.51 
35,065 
23,901 
5,000 
3,000 
0.87 
0.81 
0.76 
0.71 
13,119 
-2,170 
-9,581 
-9,816 
9.82 
7.66 
6.66 
5.86 
13,965 
22,368 
32,024 
30,014 
0.23 
0.21 
0.20 
0.20 
 · 建筑行业
 
 
