 
⚫ 
⚫ 
⚫ 
⚫ 
⚫ 
⚫ 

 

 


 
 
 
 
 
6861.40  
7529.89  
8620.29  
9728.22  
7586.76  
8163.62  
8847.45  
9551.69  
1209.34  
1685.26  
2322.28  
2999.26  
6631.50  
7157.36  
7776.79  
8414.56  
1164.25  
1221.45  
1332.02  
1439.70  
21.70  
25.98  
27.82  
29.70  
561.12  
577.19  
624.36  
679.88  
25.43  
24.17  
27.10  
29.39  
270.35  
296.60  
325.91  
349.73  
187.98  
202.28  
219.22  
236.67  
880.21  
913.24  
999.37  
1084.69  
-11.37  
104.72  
95.53  
79.90  
2776.14  
2836.16  
3016.34  
3174.97  
-17.11  
-0.35  
-0.42  
-0.39  
9981.22  
10211.02  
10428.21  
10644.56  
-10.48  
0.00  
0.00  
0.00  
1134.90  
1281.93  
1425.99  
1570.64  
-8.95  
0.64  
-0.40  
-1.84  
636.63  
692.90  
755.70  
819.99  
363.83  
385.58  
411.59  
445.55  
2100.91  
1984.81  
1853.47  
1720.05  
5.09  
0.00  
0.00  
0.00  
6108.78  
6251.38  
6393.05  
6533.87  
5.29  
0.00  
0.00  
0.00  
16842.63  
17740.91  
19048.50  20372.78  
363.64  
385.58  
411.59  
445.55  
7621.81  
7921.79  
8641.06  
9348.49  
61.40  
70.01  
74.26  
79.70  
490.29  
541.25  
612.55  
686.84  
302.24  
315.56  
337.33  
365.85  
3562.57  
3614.10  
3979.93  
4322.88  
64.13  
69.96  
74.17  
80.19  
3568.95  
3766.44  
4048.58  
4338.76  
238.12  
245.60  
263.16  
285.65  
4629.57  
4910.57  
5161.57  
5412.57  
511.87  
565.36  
587.26  
608.82  
3723.10  
3923.10  
4123.10  
4323.10  
1.46  
1.51  
1.62  
1.75  
906.47  
987.47  
1038.47  
1089.47  
12251.38  
12832.37  
13802.63  14761.06  
1573.90  
1643.86  
1718.03  
1798.23  
5.10% 
7.60% 
8.38% 
7.96% 
3017.34  
3264.68  
3527.84  
3813.49  
16.42% 
5.98% 
6.75% 
8.25% 
16842.63  
17740.91  
19048.50  20372.78  
23.61% 
3.14% 
7.15% 
8.55% 
12.59% 
12.33% 
12.10% 
11.91% 
3.14% 
3.01% 
2.97% 
2.99% 
120.74  
590.65  
766.10  
816.51  
7.89% 
7.52% 
7.46% 
7.49% 
302.24  
315.56  
337.33  
365.85  
3.23% 
3.83% 
3.74% 
3.65% 
130.52  
75.07  
80.14  
83.37  
72.74% 
72.33% 
72.46% 
72.45% 
197.02  
153.09  
162.94  
172.79  
87.49% 
78.91% 
67.83% 
57.14% 
-9.78  
-0.64  
0.40  
1.84  
0.90  
0.95  
1.00  
1.04  
-576.84  
56.71  
194.84  
202.42  
0.39  
0.45  
0.50  
0.55  
77.58  
-9.14  
-9.55  
-9.77  
0.47  
0.47  
0.48  
0.48  
-558.85  
-295.33  
-288.43  
-292.04  
6.81  
6.84  
6.93  
6.89  
-373.87  
-4.84  
-3.02  
-7.20  
2.00  
1.99  
2.05  
2.03  
-124.99  
-293.13  
-287.02  
-285.00  
1.46  
1.51  
1.62  
1.75  
-59.99  
2.64  
1.60  
0.16  
0.74  
3.63  
4.71  
5.02  
503.32  
178.87  
159.35  
152.51  
18.54  
20.06  
21.67  
23.43  
130.00  
50.96  
71.29  
74.30  
5.74  
5.57  
5.20  
4.79  
277.59  
200.00  
200.00  
200.00  
0.45  
0.42  
0.39  
0.36  
95.73  
-72.09  
-111.94  
-121.79  
10.26  
9.27  
8.39  
7.51  
66.95  
475.93  
637.02  
676.98  
0.18  
0.17  
0.15  
0.14  
 
 
