 
 
 
 
 
 
 
10671.71 
10859.00 
11279.00 
11785.00 
-6.22 
1.75 
3.87 
4.49 
222.15 
218.48 
227.60 
238.62 
-14.87 
-1.65 
4.18 
4.84 
10.27 
10.18 
10.05 
9.97 
1.64 
1.61 
1.68 
1.76 
5.00 
5.08 
4.88 
4.66 

 

 


 
 
 
 
 
11439.75 
11388.38 
11839.19 
12304.28 
10671.71 
10859.00 
11279.00 
11785.00 
1857.03 
2262.93 
2367.36 
2467.27 
9576.02 
9754.00 
10145.00 
10610.00 
2047.59 
1710.50 
1778.24 
1829.06 
36.29 
39.02 
40.15 
41.77 
658.25 
624.93 
650.45 
687.05 
68.36 
69.00 
72.00 
75.16 
231.10 
232.23 
238.38 
251.54 
223.29 
224.35 
233.94 
244.48 
2861.16 
2932.50 
3045.51 
3184.19 
79.46 
94.16 
86.04 
83.96 
3784.61 
3625.28 
3759.25 
3885.18 
-30.38 
-26.35 
-26.54 
-26.68 
7188.68 
7294.33 
7461.50 
7668.21 
-14.67 
0.00 
0.00 
0.00 
1539.84 
1539.84 
1539.84 
1539.84 
-12.96 
-27.75 
-25.96 
-25.99 
730.28 
693.31 
656.34 
619.37 
322.83 
319.59 
333.81 
349.47 
1170.02 
1312.65 
1516.79 
1760.47 
9.50 
0.00 
0.00 
0.00 
3748.52 
3748.52 
3748.52 
3748.52 
7.58 
0.00 
0.00 
0.00 
18628.43 
18682.71 
19300.70 
19972.48 
324.75 
319.59 
333.81 
349.47 
11127.54 
10960.79 
11342.13 
11766.16 
53.96 
52.88 
55.42 
57.96 
1501.43 
1501.43 
1501.43 
1501.43 
270.78 
266.71 
278.39 
291.51 
5128.14 
4880.86 
5164.26 
5417.19 
48.63 
48.24 
50.78 
52.89 
4497.98 
4578.51 
4676.44 
4847.54 
222.15 
218.48 
227.60 
238.62 
3274.91 
3274.91 
3274.91 
3274.91 
678.15 
485.51 
504.27 
533.26 
2350.63 
2350.63 
2350.63 
2350.63 
1.64 
1.61 
1.68 
1.76 
924.29 
924.29 
924.29 
924.29 
14402.46 
14235.71 
14617.04 
15041.07 
943.46 
991.69 
1042.48 
1095.37 
-6.22% 
1.75% 
3.87% 
4.49% 
3282.51 
3455.31 
3641.18 
3836.04 
-16.35% 
-1.00% 
4.45% 
4.69% 
18628.43 
18682.71 
19300.70 
19972.48 
-14.87% 
-1.65% 
4.18% 
4.84% 
10.27% 
10.18% 
10.05% 
9.97% 
2.08% 
2.01% 
2.02% 
2.02% 
-314.24 
785.68 
552.52 
605.19 
6.77% 
6.32% 
6.25% 
6.22% 
270.78 
266.71 
278.39 
291.51 
3.96% 
3.66% 
3.62% 
3.65% 
240.41 
71.76 
84.42 
99.83 
77.31% 
76.20% 
75.73% 
75.31% 
82.43 
131.30 
131.30 
131.30 
74.05% 
61.24% 
55.92% 
51.08% 
-2.04 
27.75 
25.96 
25.99 
1.03 
1.04 
1.04 
1.05 
-1000.01 
205.51 
-50.05 
-26.14 
0.42 
0.43 
0.43 
0.43 
94.18 
82.64 
82.50 
82.70 
0.61 
0.58 
0.59 
0.60 
-480.40 
-202.80 
-275.05 
-330.22 
5.92 
5.78 
6.47 
6.53 
-351.89 
-175.05 
-249.09 
-304.23 
1.91 
1.95 
2.02 
2.01 
-107.78 
0.00 
0.00 
0.00 
1.64 
1.61 
1.68 
1.76 
-20.72 
-27.75 
-25.96 
-25.99 
-2.31 
5.79 
4.07 
4.46 
947.58 
-171.37 
-173.04 
-175.06 
24.17 
25.44 
26.81 
28.25 
683.03 
0.00 
0.00 
0.00 
5.00 
5.08 
4.88 
4.66 
694.41 
0.00 
0.00 
0.00 
0.34 
0.32 
0.31 
0.29 
-429.86 
-171.37 
-173.04 
-175.06 
6.45 
7.90 
7.40 
6.81 
147.34 
405.90 
104.43 
99.91 
0.10 
0.10 
0.10 
0.09 
 
 
