 
 
⚫ 
⚫ 
⚫ 
⚫ 
⚫ 
⚫ 

 

 

 
 
 
 
 
10407.59 
10725.02 
11128.28 
11556.72 
3.12 
3.05 
3.76 
3.85 
1383.73 
1445.64
1522.69 
1612.06 
5.01 
4.47 
5.33 
5.87 
29.02 
29.60 
29.62 
29.62 
6.40 
6.69 
7.05 
7.46 
17.18 
16.44 
15.61 
14.75 
1.75 
1.64 
1.48 
1.35 
2.28 
2.22 
2.14 
2.06 
 
 
 
 
568559.00 
18543.82 
170980.56 332364.32 
1040759.00 1072502.15 1112828.23 1155672.12 
242275.00 -162870.18 -10433.44 
150950.32 
738772.00 
755041.51 
783208.51 813362.04 
75741.00 
0.00 
0.00 
0.00 
3759.00 
3217.51 
3338.48 
3467.02 
27817.00 
0.00 
0.00 
0.00 
54564.00 
56306.36 
57867.07 
58939.28 
8315.00 
0.00 
0.00 
0.00 
56937.00 
59523.87 
60649.14 
62406.29 
11229.00 
0.00 
0.00 
0.00 
-2495.00 
0.00 
0.00 
0.00 
203182.00 
181414.00 
181414.00 181414.00 
-1209.00 
0.00 
0.00 
0.00 
1504268.00 1553580.00 1553580.00 1553580.00 
13170.00 
0.00 
0.00 
0.00 
198563.00 
198563.00 
198563.00 198563.00 
14657.00 
9652.52 
10015.45 
11556.72 
714494.00 
714494.00 
714494.00 714494.00 
176284.00 
184470.37 
194411.09 
205940.77 
50804.00 
50804.00 
50804.00 
50804.00 
3593.00 
3530.00 
3530.00 
3530.00 
540407.00 
589719.00 
589719.00 589719.00 
1488.00 
1502.00 
1502.00 
1502.00 
2072827.00 1572123.82 1724560.56 1885944.32 
178389.00 
186498.37 
196439.09 207968.77 
633018.00 
39276.00 
39276.00 
39276.00 
39863.00 
41775.63 
44002.36 
46585.00 
0.00 
0.00 
0.00 
0.00 
138526.00 
144722.73 
152436.74 161383.77 
354341.00 
0.00 
0.00 
0.00 
153.00 
159.20 
167.68 
177.52 
278677.00 
39276.00 
39276.00 
39276.00 
138373.00 
144563.54 
152269.05 161206.24 
78570.00 
78615.00 
78615.00 
78615.00 
338055.00 
186498.37 
196439.09 207968.77 
0.00 
0.00 
0.00 
0.00 
6.40 
6.69 
7.05 
7.46 
78570.00 
78615.00 
78615.00 
78615.00 
711588.00 
117891.00 
117891.00 
117891.00 
4507.00 
4666.20 
4833.88 
5011.40 
3.12%
3.05%
3.76%
3.85%
1356732.00 1449566.62 1601835.68 1763041.92 
4.86%
4.64%
5.39%
5.93%
2072827.00 1572123.82 1724560.56 1885944.32 
5.01%
4.47%
5.33%
5.87%
29.02%
29.60%
29.62%
29.62%
13.30%
13.48%
13.68%
13.95%
315741.00 -324677.78 140393.28 147799.05 
10.20%
9.97%
9.51%
9.14%
138526.00 
144722.73 
152436.74 161383.77 
7.87%
9.35%
8.97%
8.67%
191101.00 
0.00 
0.00 
0.00 
34.33%
7.50%
6.84%
6.25%
-3401.00 
0.00 
0.00 
0.00 
-11.30%
17.62%
6.46%
-3.25%
-14657.00 
-9652.52 
-10015.45 
-11556.72 
0.90 
0.47 
4.35 
8.46 
4242.00 
-453855.00 
0.00 
0.00 
0.79 
-0.25 
3.63 
7.74 
-70.00 
-5893.00 
-2028.00 
-2028.00 
0.52 
0.59 
0.68 
0.64 
-185194.00 -34053.48 
12043.45 
13584.72 
15.94 
28.32 
—
—
-155016.00 
1044.00 
2028.00 
2028.00 
2.27 
4.26 
—
—
-26194.00 
0.00 
0.00 
0.00 
6.40 
6.69 
7.05 
7.46 
-3984.00 
-35097.48 
10015.45 
11556.72 
14.61 
-15.02 
6.50 
6.84 
-105167.00 -46219.92 
0.00 
0.00 
62.77 
67.07 
74.11 
81.57 
0.00 
0.00 
0.00 
0.00 
17.18 
16.44 
15.61 
14.75 
0.00 
0.00 
0.00 
0.00 
1.75 
1.64 
1.48 
1.35 
-105167.00 -46219.92 
0.00 
0.00 
7.07 
14.12 
12.63 
11.15 
25750.00 
-405145.18 152436.74 161383.77 
2.28 
2.22 
2.14 
2.06 
 
 
