 
⚫ 
⚫ 
⚫ 
⚫ 
⚫ 
⚫ 
22655.29 
23415.78 
24639.45 
26537.90 
10.24 
3.36 
5.23 
7.70 
542.64 
568.26 
606.65 
678.43 
6.50 
4.72 
6.76 
11.83 
9.83 
9.78 
9.58 
9.58 
1.30 
1.37 
1.46 
1.63 
4.13 
3.94 
3.69 
3.30 

 

 


 
 
 
 
 
20489.63 
21924.75 
23574.86 
25720.20 
22655.29 
23415.78 
24639.45 
26537.90 
3587.91 
4544.90 
5445.95 
6393.70 
20427.24 
21126.58 
22277.79 
23995.68 
2576.99 
2544.90 
2680.53 
2850.53 
143.12 
149.10 
153.82 
167.10 
765.55 
786.98 
803.63 
850.61 
76.28 
77.01 
81.25 
87.74 
287.79 
340.88 
344.25 
376.25 
344.02 
378.34 
391.71 
421.03 
7963.43 
8423.35 
8790.57 
9477.68 
185.77 
132.73 
104.06 
77.88 
5307.97 
5283.75 
5509.92 
5771.43 
-57.06 
-45.24 
-45.36 
-45.32 
8543.60 
8826.93 
9077.25 
9330.87 
-0.09 
0.00 
0.00 
0.00 
1139.84 
1193.21 
1238.40 
1286.31 
40.36 
52.11 
53.39 
56.32 
527.22 
550.69 
565.71 
575.86 
931.32 
1000.80 
1056.91 
1182.96 
327.30 
389.31 
452.41 
515.14 
11.66 
0.00 
0.00 
0.00 
6549.24 
6693.72 
6820.73 
6953.56 
13.03 
0.00 
0.00 
0.00 
29033.23 
30751.68 
32652.10 
35051.07 
929.95 
1000.80 
1056.91 
1182.96 
15904.33 
16816.26 
17866.78 
19316.43 
194.56 
216.63 
227.00 
253.64 
1243.52 
1612.20 
2011.98 
2401.40 
735.40 
784.17 
829.91 
929.32 
6899.58 
6998.78 
7428.31 
7983.83 
192.76 
215.92 
223.26 
250.89 
7761.23 
8205.28 
8426.48 
8931.20 
542.64 
568.26 
606.65 
678.43 
5818.20 
5818.20 
5818.20 
5818.20 
1251.46 
1252.51 
1284.05 
1390.25 
4581.12 
4581.12 
4581.12 
4581.12 
1.30 
1.37 
1.46 
1.63 
1237.07 
1237.07 
1237.07 
1237.07 
21722.52 
22634.45 
23684.97 
25134.62 
3034.60 
3250.52 
3473.78 
3724.67 
10.24% 
3.36% 
5.23% 
7.70% 
4276.10 
4866.71 
5493.35 
6191.78 
7.38% 
7.46% 
5.61% 
11.93% 
29033.23 
30751.68 
32652.10 
35051.07 
6.50% 
4.72% 
6.76% 
11.83% 
9.83% 
9.78% 
9.58% 
9.58% 
2.40% 
2.43% 
2.46% 
2.56% 
110.30 
1229.02 
1123.82 
1197.30 
12.69% 
11.68% 
11.04% 
10.96% 
735.40 
784.17 
829.91 
929.32 
5.69% 
5.36% 
5.12% 
5.17% 
144.44 
118.98 
123.08 
129.41 
74.82% 
73.60% 
72.54% 
71.71% 
192.72 
276.25 
285.86 
295.72 
61.35% 
48.01% 
37.87% 
28.61% 
-40.36 
-52.11 
-53.39 
-56.32 
1.29 
1.30 
1.32 
1.33 
-1030.79 
-4.88 
-168.32 
-207.36 
0.44 
0.47 
0.50 
0.53 
108.90 
106.61 
106.68 
106.52 
0.82 
0.78 
0.78 
0.78 
-265.02 
-366.81 
-336.69 
-343.24 
9.68 
9.14 
9.43 
9.60 
-315.03 
-177.28 
-171.65 
-173.39 
3.20 
3.04 
3.09 
3.11 
-48.27 
-241.64 
-218.44 
-226.17 
1.30 
1.37 
1.46 
1.63 
98.29 
52.11 
53.39 
56.32 
0.27 
2.95 
2.70 
2.88 
304.50 
83.26 
113.92 
93.69 
10.27 
11.69 
13.20 
14.88 
461.98 
368.68 
399.78 
389.41 
4.13 
3.94 
3.69 
3.30 
591.42 
0.00 
0.00 
0.00 
0.52 
0.46 
0.41 
0.36 
-748.89 
-285.42 
-285.86 
-295.72 
5.20 
4.90 
4.39 
3.65 
161.31 
956.99 
901.05 
947.75 
0.10 
0.10 
0.09 
0.08 
 
 
