 
 
⚫ 
⚫ 
⚫ 
⚫ 
⚫ 
⚫ 

 

 

 
 
 
 
 
10407.59 
10725.02 
11128.28 
11556.72 
3.12 
3.05 
3.76 
3.85 
1383.73 
1445.64
1522.69 
1612.06 
5.01 
4.47 
5.33 
5.87 
29.02 
29.60 
29.62 
29.62 
6.41 
6.70 
7.05 
7.47 
17.23 
16.49 
15.66 
14.79 
1.76 
1.59 
1.44 
1.31 
2.29 
2.22 
2.14 
2.06 
 
 
 
 
568559.00 
93882.73 
246319.47 407703.24 
1040759.00 1072502.15 1112828.23 1155672.12 
242275.00 
-87531.27 
64905.47 
226289.24 
738772.00 
755041.51 
783208.51 813362.04 
75741.00 
0.00 
0.00 
0.00 
3759.00 
3217.51 
3338.48 
3467.02 
27817.00 
0.00 
0.00 
0.00 
54564.00 
56306.36 
57867.07 
58939.28 
8315.00 
0.00 
0.00 
0.00 
56937.00 
59523.87 
60649.14 
62406.29 
11229.00 
0.00 
0.00 
0.00 
-2495.00 
0.00 
0.00 
0.00 
203182.00 
181414.00 
181414.00 181414.00 
-1209.00 
0.00 
0.00 
0.00 
1504268.00 1528407.00 1528407.00 1528407.00 
13170.00 
0.00 
0.00 
0.00 
198563.00 
198563.00 
198563.00 198563.00 
14657.00 
9652.52 
10015.45 
11556.72 
714494.00 
714494.00 
714494.00 714494.00 
176284.00 
184470.37 
194411.09 
205940.77 
50804.00 
50804.00 
50804.00 
50804.00 
3593.00 
3530.00 
3530.00 
3530.00 
540407.00 
564546.00 
564546.00 564546.00 
1488.00 
1502.00 
1502.00 
1502.00 
2072827.00 1622289.73 1774726.47 1936110.24 
178389.00 
186498.37 
196439.09 207968.77 
633018.00 
35344.00 
35344.00 
35344.00 
39863.00 
41775.63 
44002.36 
46585.00 
0.00 
0.00 
0.00 
0.00 
138526.00 
144722.73 
152436.74 161383.77 
354341.00 
0.00 
0.00 
0.00 
153.00 
159.20 
167.68 
177.52 
278677.00 
35344.00 
35344.00 
35344.00 
138373.00 
144563.54 
152269.05 161206.24 
78570.00 
78115.00 
78115.00 
78115.00 
338055.00 
186498.37 
196439.09 207968.77 
0.00 
0.00 
0.00 
0.00 
6.41 
6.70 
7.05 
7.47 
78570.00 
78115.00 
78115.00 
78115.00 
711588.00 
113459.00 
113459.00 
113459.00 
4507.00 
4666.20 
4833.88 
5011.40 
3.12%
3.05%
3.76%
3.85%
1356732.00 1504164.54 1656433.59 1817639.84 
4.86%
4.64%
5.39%
5.93%
2072827.00 1622289.73 1774726.47 1936110.24 
5.01%
4.47%
5.33%
5.87%
29.02%
29.60%
29.62%
29.62%
13.30%
13.48%
13.68%
13.95%
315741.00 -321169.78 140393.28 147799.05 
10.20%
9.61%
9.19%
8.87%
138526.00 
144722.73 
152436.74 161383.77 
7.87%
9.05%
8.71%
8.44%
191101.00 
0.00 
0.00 
0.00 
34.33%
6.99%
6.39%
5.86%
-3401.00 
0.00 
0.00 
0.00 
-11.30%
11.73%
1.48%
-7.51%
-14657.00 
-9652.52 
-10015.45 
-11556.72 
0.90 
2.66 
6.97 
11.54 
4242.00 
-453855.00 
0.00 
0.00 
0.79 
1.86 
6.17 
10.74 
-70.00 
-2385.00 
-2028.00 
-2028.00 
0.52 
0.58 
0.66 
0.62 
-185194.00 -12394.48 
12043.45 
13584.72 
15.94 
28.32 
—
—
-155016.00 
1759.00 
2028.00 
2028.00 
2.27 
4.26 
—
—
-26194.00 
0.00 
0.00 
0.00 
6.41 
6.70 
7.05 
7.47 
-3984.00 
-14153.48 
10015.45 
11556.72 
14.63 
-14.88 
6.50 
6.85 
-105167.00 
3812.00 
0.00 
0.00 
62.86 
69.69 
76.74 
84.21 
0.00 
0.00 
0.00 
0.00 
17.23 
16.49 
15.66 
14.79 
0.00 
0.00 
0.00 
0.00 
1.76 
1.59 
1.44 
1.31 
-105167.00 
3812.00 
0.00 
0.00 
7.07 
13.73 
12.26 
10.81 
25750.00 
-329806.27 152436.74 161383.77 
2.29 
2.22 
2.14 
2.06 
 
 
