 
 
1 
 
 
 
◆ 
◆ 
◆ 
◆ 
◆ 
“
”
“
”
◆ 
◆ 
 
 
 
◆ 
 
  
◆ 
报表预测
单位:百万元
会计年度
2022
2023
2024
2025E
2026E
2027E
利润表
        营业收入
18,079.46
24,738.96
27,616.61
30,877.00
34,546.59
38,677.86
    减: 营业成本
8,313.13
11,567.22
13,295.62
14,749.00
16,358.78
18,164.30
        税金及附加
207.06
274.91
294.78
342.11
382.77
428.54
        主营业务利润
9,559.27
12,896.83
14,026.20
15,785.89
17,805.04
20,085.02
    减: 销售费用
5,076.62
6,965.48
7,220.12
8,151.53
9,120.30
10,172.28
        管理费用
1,058.61
1,523.54
1,657.81
1,852.62
2,072.80
2,320.67
        研发费用
593.94
714.50
801.75
895.43
1,001.85
1,121.66
        财务费用
5.51
-24.19 
-24.19 
77.88
60.50
-33.08 
        经营性利润
2,824.59
3,717.50
4,370.72
4,808.43
5,549.60
6,503.49
    加: 资产减值损失
-138.27 
-172.64 
-163.29 
-211.39 
-236.52 
-264.80 
        信用减值损失
-5.97 
-67.78 
-94.05 
-66.65 
-74.57 
-83.49 
        其他经营损益
-0.00 
-0.00 
-0.00 
-0.00 
-0.00 
-0.00 
        投资收益
44.62
18.24
31.12
31.33
31.33
31.33
        公允价值变动损益
2.58
-28.63 
9.39
0.00
0.00
0.00
        资产处置收益
2.28
0.81
31.43
11.51
11.51
11.51
        其他收益
217.39
285.87
289.71
264.33
264.33
264.33
        营业利润
2,947.22
3,753.38
4,475.03
4,837.54
5,545.67
6,462.36
    加: 其他非经营损益
0.00
0.00
0.00
0.00
0.00
0.00
        营业外收入
35.54
51.29
141.81
76.21
76.21
76.21
    减: 营业外支出
19.32
50.21
23.23
30.92
30.92
30.92
        利润总额
2,963.44
3,754.45
4,593.61
4,882.84
5,590.96
6,507.65
    减: 所得税
466.43
580.97
815.87
797.12
912.72
1,062.36
        净利润
2,497.01
3,173.48
3,777.74
4,085.72
4,678.25
5,445.28
    减: 少数股东损益
48.21
320.55
409.85
311.61
356.80
415.30
        归属母公司股东净利润
2,448.80
2,852.93
3,367.89
3,774.11
4,321.44
5,029.98
资产负债表
        货币资金
3,149.71
6,770.77
5,016.83
12,350.80
13,818.64
17,241.99
        交易性金融资产
0.00
1,456.01
1,677.33
1,677.33
1,677.33
1,677.33
        应收票据
179.73
7.81
79.97
135.37
151.46
169.57
        应收账款
5,464.20
7,938.27
8,809.81
9,696.59
10,848.98
12,146.36
        预付账款
374.99
495.69
508.58
609.24
681.65
763.16
        其他应收款
52.37
202.09
309.25
229.14
256.37
287.03
        存货
2,498.87
5,112.50
4,932.68
5,474.70
6,072.24
6,742.44
        其他流动资产
268.63
538.86
541.22
578.82
647.61
725.05
        长期股权投资
65.79
144.24
432.17
432.51
432.86
433.20
        金融资产投资
235.19
498.89
321.15
321.15
321.15
321.15
        投资性房地产
25.88
71.91
68.88
59.73
50.58
41.43
        固定资产和在建工程
4,823.00
6,620.55
6,609.02
5,613.65
4,610.27
3,598.89
        无形资产和开发支出
6,744.75
9,202.18
9,216.50
8,633.66
8,030.98
7,408.44
        其他非流动资产
3,239.67
1,088.68
1,558.58
1,465.42
1,374.24
1,374.24
        资产总计
27,122.78
40,148.46
40,081.97
47,278.12
48,974.35
52,930.28
        短期借款
168.50
885.65
855.57
3,667.66
1,042.53
0.00
        交易性金融负债
0.00
0.00
0.00
0.00
0.00
0.00
        应付票据
345.65
732.06
825.74
820.89
910.49
1,010.98
        应付账款
1,449.47
2,365.25
2,323.01
2,721.47
3,018.51
3,351.66
        预收账款
0.00
0.00
0.06
0.02
0.02
0.03
        合同负债
1,012.27
1,650.15
1,860.86
1,956.31
2,188.81
2,450.56
        其他应付款
5,266.27
6,643.90
7,094.18
8,561.47
9,495.90
10,543.97
        长期借款
156.04
1,922.44
269.89
138.10
20.58
-78.17 
        其他负债
1,191.17
1,687.13
1,596.35
1,711.27
1,797.44
1,893.11
        负债合计
9,589.37
15,886.58
14,825.66
19,577.20
18,474.29
19,172.15
        股本
988.35
988.18
1,284.30
1,284.30
1,284.30
1,284.30
        资本公积
1,796.92
1,877.76
1,863.13
1,863.13
1,863.13
1,863.13
        留存收益
14,224.36
16,101.20
16,755.68
18,888.67
21,331.01
24,173.78
        归属母公司股东权益
17,009.63
18,967.14
19,903.11
22,036.11
24,478.44
27,321.21
        少数股东权益
523.78
5,294.73
5,353.20
5,664.81
6,021.62
6,436.92
        股东权益合计
17,533.41
24,261.87
25,256.31
27,700.92
30,500.06
33,758.13
        负债和股东权益合计
27,122.78
40,148.46
40,081.97
47,278.12
48,974.35
52,930.28
        投入资本(IC)
17,622.76
25,115.07
24,383.29
29,508.20
29,564.69
29,910.64
现金流量表
        资本支出
914.09
600.68
856.79
0.00
0.00
-0.00 
        自由现金流
1,124.80
-1,233.19 
2,233.46
5,006.61
4,625.20
5,024.47
        短期借款增加
108.50
717.15
-30.08 
2,812.09
-2,625.13 
-1,042.53 
        长期带息债务增加
59.36
1,766.41
-1,652.56 
-131.78 
-117.52 
-98.75 
        股权筹资额
0.00
0.00
0.00
        支付普通股股利
988.35
1,482.28
1,284.30
1,641.11
1,879.11
2,187.21
        长期投资
-1,529.42 
37.28
-345.51 
-26.56 
-26.56 
-26.56 
        经营性现金净流量
2,949.25
4,088.85
4,314.35
6,387.70
6,165.14
6,733.81
        投资性现金净流量
-2,479.20 
-793.50 
-1,130.41 
-15.05 
-15.05 
-15.05 
        筹资性现金净流量
-575.45 
450.42
-4,628.60 
961.32
-4,682.26 
-3,295.41 
        现金流量净额
-99.06 
3,750.79
-1,441.79 
7,333.97
1,467.83
3,423.35
        货币资金的期初余额
2,403.36
2,361.43
6,215.10
5,016.83
12,350.80
13,818.64
        货币资金的期末余额
3,149.71
6,770.77
5,016.83
12,350.80
13,818.64
17,241.99
        企业自由现金流
1,124.80
-1,233.19 
2,233.46
5,006.61
4,625.20
5,024.47
        权益自由现金流
1,288.02
1,270.81
570.72
7,621.75
1,831.93
3,910.87
