 · 建筑行业
 
 
 
 
 
 
 
771,944 
775,804 
785,889 
798,464 
1.7% 
0.5% 
1.3% 
1.6% 
23,384 
22,838 
23,672 
24,391 
-1.8% 
-2.3% 
3.7% 
3.0% 
12.3% 
12.7% 
12.9% 
12.9% 
1.44 
1.40 
1.45 
1.50 
6.14 
6.29 
6.07 
5.89 
 
维持评级 
龙天光




 
 
 · 建筑行业
 
 
788,925 
810,354 
885,988 
956,290 
771,944 
775,804 
785,889 
798,464 
142,481 
200,437 
257,304 
312,811 
677,102 
677,174 
684,862 
695,699 
138,019 
124,091 
128,953 
133,831 
2,429 
2,483 
2,412 
2,506 
53,676 
53,511 
55,670 
55,718 
3,091 
2,627 
2,816 
2,921 
22,099 
26,861 
25,813 
25,508 
17,988 
19,460 
19,167 
19,369 
102,134 
91,725 
95,658 
98,782 
25,998 
26,430 
27,179 
27,235 
330,516 
313,728 
322,592 
329,640 
-712 
12,849 
12,918 
12,900 
1,069,347 
1,094,726 
1,088,814 
1,081,846 
-1,729 
-49 
-35 
-27 
169,363 
175,295 
175,295 
175,295 
-1,077 
0 
0 
0 
64,741 
57,459 
46,224 
33,010 
-6,814 
1,094 
224 
225 
207,498 
217,524 
226,662 
234,922 
36,429 
35,825 
36,725 
38,031 
627,745 
644,448 
640,633 
638,620 
600 
552 
554 
569 
1,858,273 
1,905,080 
1,974,802 
2,038,135 
648 
569 
582 
600 
868,808 
874,128 
908,155 
934,985 
36,381 
35,808 
36,696 
38,000 
74,210 
103,046 
113,046 
123,046 
6,034 
6,384 
6,275 
6,525 
396,124 
361,980 
378,237 
387,703 
30,347 
29,424 
30,421 
31,475 
398,473 
409,102 
416,872 
424,236 
6,963 
6,586 
6,750 
7,083 
521,650 
538,480 
548,530 
558,522 
23,384 
22,838 
23,672 
24,391 
392,946 
402,386 
412,386 
422,386 
48,702 
70,969 
73,144 
75,474 
128,703 
136,094 
136,144 
136,136 
1.44 
1.40 
1.45 
1.50 
1,390,458 
1,412,608 
1,456,684 
1,493,506 
154,390 
160,976 
167,726 
174,809 
1.7% 
0.5% 
1.3% 
1.6% 
313,425 
331,496 
350,392 
369,820 
0.1% 
-1.7% 
2.5% 
3.6% 
1,858,273 
1,905,080 
1,974,802 
2,038,135 
-1.8% 
-2.3% 
3.7% 
3.0% 
12.3% 
12.7% 
12.9% 
12.9% 
3.9% 
3.8% 
3.9% 
3.9% 
12,506 
78,441 
74,561 
73,985 
7.5% 
6.9% 
6.8% 
6.6% 
30,347 
29,424 
30,421 
31,475 
2.8% 
3.5% 
3.5% 
3.4% 
13,034 
22,311 
23,529 
24,575 
74.8% 
74.1% 
73.8% 
73.3% 
20,677 
14,146 
14,923 
15,473 
297.2% 
286.8% 
281.1% 
274.2% 
-1,713 
333 
935 
951 
0.91 
0.93 
0.98 
1.02 
81,912 
16,126 
-2,415 
-2,939 
0.39 
0.44 
0.49 
0.54 
-131,750 
-3,899 
7,168 
4,452 
0.44 
0.41 
0.41 
0.40 
-29,619 
-47,426 
-18,198 
-18,186 
6.07 
5.92 
6.21 
6.08 
-25,710 
-16,965 
-17,263 
-17,235 
1.80 
1.79 
1.85 
1.82 
-4,029 
-29,933 
0 
0 
1.44 
1.40 
1.45 
1.50 
121 
-527 
-935 
-951 
0.77 
4.82 
4.58 
4.54 
41,640 
26,940 
504 
-293 
19.25 
20.36 
21.52 
22.72 
25,181 
28,836 
10,000 
10,000 
6.14 
6.29 
6.07 
5.89 
20,636 
9,440 
10,000 
10,000 
0.46 
0.43 
0.41 
0.39 
-4,177 
-11,335 
-19,496 
-20,293 
12.46 
8.38 
7.63 
6.92 
24,567 
57,956 
56,867 
55,507 
0.19 
0.19 
0.18 
0.18 
 · 建筑行业
 
 
