 
⚫ 
⚫ 
⚫ 
⚫ 
⚫ 
⚫ 

 

 
 
 
 
 
260295.09 
284659.95 
308695.29 
331655.49 
12.21 
9.36 
8.44 
7.44 
3768.00 
5530.01 
6137.70 
6759.34 
-32.92 
46.76 
10.99 
10.13 
12.04 
12.69 
12.47 
12.48 
1.02 
1.49 
1.66 
1.82 
18.44 
12.57 
11.32 
10.28 
1.01 
0.96 
0.88 
0.81 
0.27 
0.24 
0.23 
0.21 
 
 
162433.86 
172517.41 
188706.49 
205233.86 
260295.09 
284659.95 
308695.29 
331655.49 
30517.71  
34683.84  
40091.52  46426.51  
228966.95 
248524.66 
270191.53 
290268.39 
72933.88  
76611.37  
83080.07  89259.42  
738.11 
878.93 
953.14 
1024.03 
3381.13  
3063.97  
3322.68  
3569.82  
13902.19 
17364.26 
18676.06 
19899.33 
3190.04  
4770.29  
5186.18  
5571.54  
5711.83 
6125.21 
6642.39 
7136.44 
36623.39  
37966.80  
41276.82  44343.94  
1485.76 
1293.64 
1293.12 
1267.76 
15787.70  
15421.12  
15749.21  16062.63  
-561.28 
0.00 
0.00 
0.00 
49538.67  
50521.21  
51473.22  52342.44  
404.73 
0.00 
0.00 
0.00 
8351.91  
8351.91  
8351.91  
8351.91  
-68.12 
284.66 
1080.43 
1160.79 
12155.05  
13629.42  
14806.68  15755.56  
7667.23 
8821.71 
9774.64 
10749.44 
6050.84  
6350.84  
6650.84  
6950.84  
40.69 
50.00 
50.00 
50.00 
22980.87  
22189.05  
21663.80  21284.13  
653.63 
200.00 
200.00 
200.00 
211972.53  223038.62 
240179.71 
257576.29 
7054.30 
8671.71 
9624.64 
10599.44 
122371.88 
128840.00 
138961.12 
148563.94 
1887.73 
1788.16 
1984.66 
2185.67 
35560.50  
38560.50  
41560.50  44560.50  
5166.57 
6883.55 
7639.98 
8413.77 
47915.01  
51084.19  
55537.81  59664.60  
1398.57 
1353.53 
1502.27 
1654.43 
38896.37  
39195.32  
41862.81  44338.83  
3768.00 
5530.01 
6137.70 
6759.34 
9274.56  
8622.69  
8002.69  
7382.69  
11354.69 
11804.19 
12845.74 
13877.99 
5786.15  
5286.15  
4786.15  
4286.15  
1.02 
1.49 
1.66 
1.82 
3488.41  
3336.54  
3216.54  
3096.54  
131646.44 
137462.70 
146963.81 
155946.63 
11801.95  
13155.48  
14657.76  16312.18  
12.21%
9.36%
8.44%
7.44%
68524.14  
72420.44  
78558.14  85317.48  
-14.95%
15.06%
10.80%
9.97%
211972.53  223038.62 
240179.71 
257576.29 
-32.92%
46.76%
10.99%
10.13%
12.04% 
12.69% 
12.47% 
12.48% 
1.45%
1.94%
1.99%
2.04%
5231.52  
8513.16  
6871.43  
7794.30  
5.50%
7.64%
7.81%
7.92%
5166.57  
6883.55  
7639.98  
8413.77  
5.21%
5.94%
6.06%
6.12%
2379.46  
1838.84  
1927.99  
2010.79  
62.11%
61.63%
61.19%
60.54%
1862.95  
1903.99  
1986.79  
2069.59  
19.10%
15.01%
10.53%
5.76%
-176.00  
-284.66  
-1080.43  
-1160.79  
1.33 
1.34 
1.36 
1.38 
-4150.70  
-1757.81  
-3660.29  
-3589.56  
0.99 
1.00 
1.01 
1.04 
149.24  
-70.75  
57.39  
50.50  
1.27 
1.31 
1.33 
1.33 
-2491.87  
-2474.06  
-1856.96  
-1769.71  
3.73 
3.81 
3.87 
3.85 
-2791.46  
-2519.22  
-2657.39  
-2650.50  
4.90 
5.02 
5.07 
5.04 
-854.58  
-250.00  
-250.00  
-250.00  
1.02 
1.49 
1.66 
1.82 
1154.17  
295.15  
1050.43  
1130.79  
1.41 
2.30 
1.86 
2.10 
231.85  
-1714.38  
393.21  
310.41  
18.50 
19.55 
21.21 
23.03 
7809.91  
3000.00  
3000.00  
3000.00  
18.44 
12.57 
11.32 
10.28 
-473.64  
-500.00  
-500.00  
-500.00  
1.01 
0.96 
0.88 
0.81 
-7104.42  
-4214.38  
-2106.79  
-2189.59  
6.81 
6.97 
6.17 
5.43 
2965.92  
4316.53  
5407.68  
6334.99  
0.27 
0.24 
0.23 
0.21 
 
 
