 
 
 
 
 
 
15694.76 
17445.01 
19556.51 
21857.65 
11.46 
11.15 
12.10 
11.77 
3870.14 
4420.84 
4898.63 
5511.42 
21.37 
14.23 
10.81 
12.51 
43.20 
43.39 
43.81 
44.15 
2.99 
3.42 
3.79 
4.26 
22.63 
19.81 
17.88 
15.89 
6.06 
5.91 
5.44 
5.03 
3.85 
5.02 
4.48 
4.01 

 

 


 
 
 
 
 
-20%
-10%
0%
10%
20%
30%
40%
2023-08
2023-09
2023-10
2023-11
2023-12
2024-01
2024-02
2024-03
2024-04
2024-05
2024-06
2024-07
公牛集团
沪深300
 
 
16347.82 
16879.84 
18679.66 
20575.68 
15694.76 
17445.01 
19556.51 
21857.65 
4743.71 
5045.63 
6580.41 
8181.28 
8914.18 
9875.62 
10988.80 
12207.50 
264.75 
314.98 
380.27 
455.37 
132.80 
131.05 
144.72 
164.26 
11.43 
12.60 
14.12 
15.79 
1070.44 
1256.04 
1505.85 
1748.61 
56.23 
69.13 
87.91 
109.87 
626.20 
662.91 
743.15 
808.73 
1421.08 
1591.07 
1770.42 
1966.76 
-108.51 
-121.67 
-130.73 
-176.77 
9850.61 
9846.43 
9846.53 
9846.62 
-62.64 
0.00 
0.00 
0.00 
3414.39 
3668.46 
3739.17 
3787.83 
18.20 
0.00 
0.00 
0.00 
0.00 
0.00 
0.00 
0.00 
198.69 
191.90 
215.12 
240.43 
1986.17 
2156.25 
2211.84 
2250.32 
4727.30 
5265.77 
5837.32 
6567.53 
334.82 
345.10 
360.22 
370.40 
2.77 
5.38 
6.16 
6.94 
1093.40 
1167.11 
1167.11 
1167.11 
193.74 
75.36 
86.14 
96.92 
19762.21 
20548.30 
22418.83 
24363.51 
4536.33 
5195.80 
5757.34 
6477.54 
5070.06 
5465.35 
6042.14 
6680.91 
672.01 
779.37 
863.60 
971.63 
588.34 
588.34 
588.34 
588.34 
3864.33 
4416.43 
4893.74 
5505.91 
2056.66 
2331.74 
2655.63 
3017.96 
-5.81 
-4.42 
-4.89 
-5.51 
2425.05 
2545.26 
2798.16 
3074.60 
3870.14 
4420.84 
4898.63 
5511.42 
231.74 
262.08 
262.08 
262.08 
4735.40 
5326.10 
5895.00 
6588.16 
0.00 
0.00 
0.00 
0.00 
2.99 
3.42 
3.79 
4.26 
231.74 
262.08 
262.08 
262.08 
5301.79 
5727.43 
6304.22 
6942.99 
14.49 
10.07 
5.18 
-0.33 
11.46% 
11.15% 
12.10% 
11.77% 
14445.92 
14810.80 
16109.43 
17420.85 
23.94% 
11.39% 
10.85% 
12.51% 
19762.21 
20548.30 
22418.83 
24363.51 
21.37% 
14.23% 
10.81% 
12.51% 
43.20% 
43.39% 
43.81% 
44.15% 
24.66% 
25.34% 
25.05% 
25.22% 
4827.28 
4811.15 
5376.98 
6020.31 
26.79% 
29.85% 
30.41% 
31.64% 
3864.33 
4416.43 
4893.74 
5505.91 
24.53% 
27.38% 
28.05% 
29.18% 
282.89 
251.98 
268.39 
287.39 
26.83% 
27.87% 
28.12% 
28.50% 
-64.42 
20.64 
20.64 
20.64 
-25.89% 
-27.75% 
-35.04% 
-41.60% 
-198.69 
-191.90 
-215.12 
-240.43 
3.22 
3.09 
3.09 
3.08 
858.28 
231.75 
311.75 
343.62 
2.91 
2.76 
2.77 
2.75 
84.89 
82.25 
97.58 
103.19 
0.86 
0.87 
0.91 
0.93 
-3434.38 
-377.24 
-221.56 
-198.81 
63.86 
60.18 
56.26 
52.31 
-652.55 
-511.26 
-436.68 
-439.24 
4.82 
4.50 
4.41 
4.30 
0.00 
0.00 
0.00 
0.00 
2.99 
3.42 
3.79 
4.26 
-2781.83 
134.03 
215.12 
240.43 
3.73 
3.72 
4.16 
4.66 
-1987.05 
-3408.82 
-3620.64 
-4220.64 
11.18 
11.46 
12.46 
13.48 
-257.03 
0.00 
0.00 
0.00 
22.63 
19.81 
17.88 
15.89 
0.00 
0.00 
0.00 
0.00 
6.06 
5.91 
5.44 
5.03 
-1730.02 
-3408.82 
-3620.64 
-4220.64 
17.22 
15.67 
13.90 
12.19 
-593.16 
1026.82 
1534.79 
1600.87 
3.85 
5.02 
4.48 
4.01 
 
 
