 · 建筑行业
 
 
 
 
 
 
 
1,067,171 
1,081,045 
1,109,152 
1,134,662 
-6.2% 
1.3% 
2.6% 
2.3% 
22,215 
22,355 
23,058 
23,706 
-14.9% 
0.6% 
3.1% 
2.8% 
10.3% 
10.0% 
9.9% 
9.8% 
1.64 
1.65 
1.70 
1.75 
4.91 
4.88 
4.73 
4.60 
 
维持评级 
龙天光




 
 
 · 建筑行业
 
 
1,143,975 
1,222,805 
1,246,869 
1,285,475 
1,067,171 
1,081,045 
1,109,152 
1,134,662 
185,703 
315,237 
303,495 
306,171 
957,602 
972,701 
999,323 
1,023,477 
204,759 
164,899 
177,953 
190,944 
3,629 
3,958 
4,007 
4,037 
65,825 
61,956 
62,481 
66,311 
6,836 
6,807 
7,072 
7,216 
23,110 
23,765 
23,270 
24,513 
22,329 
22,160 
22,938 
23,488 
286,116 
293,309 
300,466 
307,383 
25,713 
25,364 
26,265 
26,944 
378,461 
363,639 
379,203 
390,153 
7,946 
12,734 
11,248 
10,650 
718,868 
767,995 
769,590 
769,060 
-3,038 
-910 
-938 
-958 
178,528 
180,843 
180,843 
180,843 
-1,467 
0 
0 
0 
73,028 
58,555 
42,592 
25,780 
-6,328 
-4,161 
-3,743 
-3,476 
117,002 
148,243 
177,610 
205,106 
32,283 
32,250 
33,617 
34,416 
350,309 
380,354 
368,546 
357,331 
950 
1,038 
990 
992 
1,862,843 
1,990,800 
2,016,459 
2,054,535 
758 
755 
753 
756 
1,112,754 
1,123,280 
1,141,772 
1,162,268 
32,475 
32,533 
33,853 
34,653 
150,143 
190,143 
180,143 
170,143 
5,396 
5,346 
5,618 
5,735 
512,814 
469,908 
499,882 
518,164 
27,078 
27,187 
28,235 
28,918 
449,798 
463,229 
461,747 
473,960 
4,863 
4,832 
5,177 
5,212 
327,491 
418,667 
398,752 
388,664 
22,215 
22,355 
23,058 
23,706 
235,063 
325,213 
305,213 
295,213 
64,098 
70,550 
72,554 
74,871 
92,429 
93,454 
93,539 
93,451 
1.64 
1.65 
1.70 
1.75 
1,440,246 
1,541,947 
1,540,524 
1,550,932 
94,346 
99,178 
104,355 
109,567 
-6.2% 
1.3% 
2.6% 
2.3% 
328,251 
349,676 
371,579 
394,036 
-16.4% 
-0.1% 
4.2% 
2.4% 
1,862,843 
1,990,800 
2,016,459 
2,054,535 
-14.9% 
0.6% 
3.1% 
2.8% 
10.3% 
10.0% 
9.9% 
9.8% 
2.5% 
2.5% 
2.5% 
2.5% 
-31,424 
92,568 
68,099 
71,816 
6.8% 
6.4% 
6.2% 
6.0% 
27,078 
27,187 
28,235 
28,918 
3.7% 
3.5% 
3.5% 
3.5% 
23,677 
25,283 
27,453 
29,568 
77.3% 
77.5% 
76.4% 
75.5% 
8,243 
12,938 
14,400 
13,685 
340.8% 
343.5% 
323.7% 
308.0% 
-204 
3,311 
2,955 
2,625 
1.03 
1.09 
1.09 
1.11 
-86,073 
38,635 
-12,595 
-7,543 
0.42 
0.49 
0.48 
0.49 
-4,145 
-14,786 
7,650 
4,562 
0.61 
0.56 
0.55 
0.56 
-48,040 
-77,509 
-31,541 
-31,285 
5.92 
5.85 
6.47 
6.15 
-35,189 
-38,065 
-38,585 
-38,660 
1.91 
1.98 
2.06 
2.01 
-10,778 
-36,094 
10,000 
10,000 
1.64 
1.65 
1.70 
1.75 
-2,072 
-3,351 
-2,955 
-2,625 
-2.31 
6.82 
5.01 
5.29 
94,758 
114,476 
-48,300 
-37,855 
24.17 
25.75 
27.36 
29.02 
68,303 
40,000 
-10,000 
-10,000 
4.91 
4.88 
4.73 
4.60 
69,441 
90,150 
-20,000 
-10,000 
0.33 
0.31 
0.29 
0.28 
-42,986 
-15,675 
-18,300 
-17,855 
6.58 
6.00 
5.59 
5.11 
14,734 
129,534 
-11,742 
2,676 
0.10 
0.10 
0.10 
0.10 
 · 建筑行业
 
 
