 
⚫ 
⚫ 
⚫ 
⚫ 
⚫ 
⚫ 
1791.96 
1870.72 
2009.83 
2204.91 
13.10 
4.40 
7.44 
9.71 
54.26 
56.72 
61.86 
68.25 
0.20 
4.53 
9.06 
10.33 
9.41 
9.26 
9.22 
9.17 
0.89 
0.93 
1.01 
1.12 
7.36 
7.04 
6.46 
5.85 

 

 


 
 
 
 
 
1693.86  
1784.29  
1913.27  
2089.91  
1791.96  
1870.72  
2009.83  
2204.91  
486.39  
524.81  
572.37  
627.67  
1616.79  
1697.58  
1824.47  
2002.72  
262.55  
281.22  
296.56  
322.15  
5.56  
5.83  
6.32  
6.90  
51.61  
55.38  
59.14  
64.83  
4.93  
5.28  
5.63  
6.18  
178.26  
195.89  
208.61  
228.35  
29.77  
31.50  
33.63  
36.96  
55.12  
65.34  
69.02  
74.96  
-1.69  
-9.29  
-10.39  
-11.76  
659.94  
661.64  
707.57  
771.94  
0.12  
0.00  
0.00  
0.00  
497.29  
537.58  
579.87  
622.80  
-2.08  
0.00  
0.00  
0.00  
24.34  
26.98  
29.42  
31.94  
-1.07  
-0.95  
-1.19  
-1.24  
137.84  
145.05  
152.69  
159.23  
68.20  
71.80  
78.15  
86.38  
45.41  
51.90  
58.04  
64.51  
1.60  
0.00  
0.00  
0.00  
289.70  
313.66  
339.72  
367.11  
0.74  
0.00  
0.00  
0.00  
2191.15  
2321.87  
2493.14  
2712.70  
69.05  
71.80  
78.15  
86.38  
1435.46  
1506.51  
1610.51  
1755.76  
9.34  
10.22  
10.88  
12.06  
8.75  
10.83  
13.02  
15.37  
59.71  
61.58  
67.26  
74.32  
759.95  
766.56  
826.65  
912.15  
5.45  
4.86  
5.41  
6.07  
666.75  
729.12  
770.84  
828.25  
54.26  
56.72  
61.86  
68.25  
114.97  
115.03  
115.03  
115.03  
86.30  
78.23  
84.41  
92.06  
71.58  
71.58  
71.58  
71.58  
0.89  
0.93  
1.01  
1.12  
43.39  
43.44  
43.44  
43.44  
1550.43  
1621.54  
1725.54  
1870.79  
65.77  
70.63  
76.03  
82.11  
13.10% 
4.40% 
7.44% 
9.71% 
574.95  
629.71  
691.57  
759.81  
2.44% 
5.28% 
8.84% 
10.54% 
2191.15  
2321.87  
2493.14  
2712.70  
0.20% 
4.53% 
9.06% 
10.33% 
9.41% 
9.26% 
9.22% 
9.17% 
3.04% 
3.03% 
3.08% 
3.10% 
91.34  
92.69  
110.71  
119.80  
9.44% 
9.01% 
8.94% 
8.98% 
59.71  
61.58  
67.26  
74.32  
7.95% 
6.52% 
6.54% 
6.63% 
16.65  
15.73  
16.66  
17.44  
70.76% 
69.84% 
69.21% 
68.96% 
3.64  
5.30  
5.35  
5.41  
-57.61% 
-57.60% 
-58.47% 
-59.59% 
0.00  
0.95  
1.19  
1.24  
1.18  
1.18  
1.19  
1.19  
6.06  
4.42  
16.39  
18.56  
0.65  
0.67  
0.67  
0.67  
5.28  
4.72  
3.86  
2.84  
0.86  
0.83  
0.83  
0.85  
-33.65  
-51.15  
-59.99  
-61.45  
6.95  
6.88  
6.96  
7.13  
-33.20  
-54.70  
-54.42  
-55.78  
2.37  
2.22  
2.29  
2.30  
-1.24  
-4.88  
-4.39  
-4.43  
0.89  
0.93  
1.01  
1.12  
0.79  
8.42  
-1.19  
-1.24  
1.50  
1.52  
1.81  
1.96  
13.05  
-1.16  
-3.16  
-3.06  
9.41  
10.31  
11.32  
12.44  
3.34  
2.08  
2.19  
2.35  
7.36  
7.04  
6.46  
5.85  
15.65  
0.00  
0.00  
0.00  
0.69  
0.63  
0.58  
0.53  
-5.94  
-3.24  
-5.35  
-5.41  
0.22  
-0.05  
-0.58  
-1.11  
71.19  
38.43  
47.56  
55.29  
0.22  
0.21  
0.20  
0.18  
 
 
