 
 
 
 
 
 
 
21871.48 
22668.79 
23758.46 
25039.58 
-3.46 
3.65 
4.81 
5.39 
461.87 
482.69 
509.76 
546.70 
-14.88 
4.51 
5.61 
7.25 
9.86 
9.62 
9.53 
9.50 
1.12 
1.17 
1.23 
1.32 
4.81 
4.61 
4.36 
4.07 

 

 


 
 
 
 
 
22789.00 
22508.35 
23733.59 
25057.93 
21871.48 
22668.79 
23758.46 
25039.58 
4243.96 
4470.44 
4951.11 
5458.26 
19715.81 
20488.72 
21493.74 
22661.98 
3170.94 
2769.65 
2872.86 
2949.35 
97.75 
120.00 
123.30 
127.81 
682.41 
744.26 
770.92 
810.48 
87.24 
82.68 
88.25 
93.60 
243.40 
291.76 
291.96 
308.11 
346.15 
356.63 
372.35 
393.57 
7721.47 
8106.30 
8454.42 
8924.90 
194.62 
163.62 
159.09 
149.48 
6726.81 
6125.94 
6392.33 
6606.82 
-64.57 
-70.00 
-70.00 
-70.00 
9103.62 
9489.75 
9788.39 
10073.22 
0.94 
0.00 
0.00 
0.00 
1190.74 
1251.47 
1298.28 
1351.09 
15.05 
31.69 
29.11 
29.88 
531.05 
586.17 
622.88 
649.46 
805.61 
834.20 
880.53 
945.01 
352.49 
400.99 
444.98 
480.20 
12.15 
0.00 
0.00 
0.00 
7029.34 
7251.12 
7422.26 
7592.46 
17.39 
0.00 
0.00 
0.00 
31892.62 
31998.10 
33521.99 
35131.15 
800.37 
834.20 
880.53 
945.01 
17615.44 
17176.96 
18132.77 
19132.59 
173.00 
179.04 
188.64 
202.88 
1156.66 
1156.66 
1156.66 
1156.66 
627.37 
655.16 
691.89 
742.14 
8281.77 
7696.95 
8256.75 
8777.11 
165.50 
172.47 
182.14 
195.43 
8177.02 
8323.35 
8719.36 
9198.82 
461.87 
482.69 
509.76 
546.70 
6562.58 
6562.58 
6562.58 
6562.58 
1159.92 
1047.92 
1100.80 
1166.18 
5242.72 
5242.72 
5242.72 
5242.72 
1.12 
1.17 
1.23 
1.32 
1319.86 
1319.86 
1319.86 
1319.86 
24178.02 
23739.53 
24695.35 
25695.16 
3092.76 
3265.23 
3447.36 
3642.79 
-3.46% 
3.65% 
4.81% 
5.39% 
4621.85 
4993.34 
5379.28 
5793.19 
-13.50% 
3.55% 
5.55% 
7.32% 
31892.62 
31998.10 
33521.99 
35131.15 
-14.88% 
4.51% 
5.61% 
7.25% 
9.86% 
9.62% 
9.53% 
9.50% 
2.11% 
2.13% 
2.15% 
2.18% 
157.74 
986.07 
1178.75 
1209.65 
9.99% 
9.67% 
9.48% 
9.44% 
627.37 
655.16 
691.89 
742.14 
4.84% 
4.64% 
4.68% 
4.76% 
150.22 
50.10 
61.18 
71.69 
75.81% 
74.19% 
73.67% 
73.14% 
204.16 
248.50 
248.50 
248.50 
56.90% 
50.41% 
41.72% 
33.65% 
-15.05 
-31.69 
-29.11 
-29.88 
1.29 
1.31 
1.31 
1.31 
-952.89 
-121.35 
21.23 
-7.36 
0.46 
0.47 
0.48 
0.49 
143.92 
185.35 
185.05 
184.57 
0.72 
0.71 
0.73 
0.73 
-25.11 
-399.89 
-325.76 
-321.20 
7.61 
7.63 
8.42 
8.60 
-113.89 
-150.50 
-131.77 
-122.59 
2.60 
2.56 
2.69 
2.66 
-32.65 
-274.88 
-216.81 
-222.30 
1.12 
1.17 
1.23 
1.32 
121.43 
25.50 
22.81 
23.68 
0.38 
2.39 
2.85 
2.93 
151.68 
-377.52 
-372.32 
-381.29 
11.19 
12.08 
13.02 
14.02 
-86.86 
0.00 
0.00 
0.00 
4.81 
4.61 
4.36 
4.07 
661.59 
0.00 
0.00 
0.00 
0.48 
0.45 
0.41 
0.38 
-423.05 
-377.52 
-372.32 
-381.29 
5.94 
6.09 
5.36 
4.63 
302.12 
226.48 
480.67 
507.15 
0.10 
0.10 
0.09 
0.09 
 
 
