 
 
 
 
 
 
 



 

 
 
 
 
 
 
 
 
373709.80  
410435.36  
441309.37  
474883.13  
8.10  
9.83  
7.52  
7.61  
33719.94  
38651.95  
43412.16  
48902.94  
14.10  
14.63  
12.32  
12.65  
4.40  
5.05  
5.67  
6.39  
16.46  
14.36  
12.79  
11.35  
 
 
 
 
 
 
 
 
 
 
 
 
 
 
 
 
 
 
 
 
 
 
 
 
 
 
 
 
373709.80  
410435.36  
441309.37  
474883.13  
8.10  
9.83  
7.52  
7.61  
33719.94  
38651.95  
43412.16  
48902.94  
14.10  
14.63  
12.32  
12.65  
4.40  
5.05  
5.67  
6.39  
16.46  
14.36  
12.79  
11.35  
 
 
 
 
 
