 
 
 
 
 
 
 
11603.11 
11349.88 
11830.65 
12647.08 
-8.17 
-2.18 
4.24 
6.90 
278.87 
285.60 
297.88 
315.54 
-16.71 
2.42 
4.30 
5.93 
9.80 
10.15 
10.18 
10.08 
1.13 
1.15 
1.20 
1.28 
5.16 
5.04 
4.83 
4.56 

 

 


 
 
 
 
 
12640.92  
10852.99  
11524.59  
12333.91  
11603.11  
11349.88  
11830.65  
12647.08  
2500.62  
2351.51  
2477.38  
2658.36  
10445.05  
10197.66  
10625.89  
11372.12  
2461.94  
1853.55  
2010.17  
2165.88  
60.43  
59.02  
61.03  
65.55  
435.94  
386.24  
409.75  
441.87  
69.44  
64.95  
68.19  
73.22  
402.54  
412.26  
422.51  
452.42  
240.96  
241.53  
250.83  
267.66  
2457.16  
2197.45  
2320.91  
2504.89  
62.42  
101.67  
104.65  
102.13  
4382.72  
3651.97  
3883.87  
4110.48  
-30.88  
-15.07  
-18.10  
-20.13  
9923.21  
10242.53  
10522.72  
10813.25  
-4.18  
0.00  
0.00  
0.00  
1268.58  
1268.58  
1268.58  
1268.58  
-3.95  
-0.24  
-1.58  
-1.66  
749.12  
842.86  
898.47  
923.58  
384.50  
394.77  
412.55  
437.17  
2516.24  
2879.95  
3215.04  
3568.85  
12.68  
0.00  
0.00  
0.00  
5389.26  
5251.14  
5140.64  
5052.23  
8.47  
0.00  
0.00  
0.00  
22564.14  
21095.52  
22047.31  23147.16  
388.71  
394.77  
412.55  
437.17  
12761.97  
11018.97  
11686.80  
12486.16  
81.13  
77.05  
81.55  
86.86  
1006.74  
1006.74  
1006.74  
1006.74  
307.58  
317.72  
331.00  
350.31  
7155.07  
5691.86  
6208.62  
6737.13  
28.71  
32.11  
33.12  
34.78  
4600.16  
4320.37  
4471.43  
4742.29  
278.87  
285.60  
297.88  
315.54  
4700.77  
4700.77  
4700.77  
4700.77  
623.44  
615.65  
668.49  
722.70  
3256.46  
3256.46  
3256.46  
3256.46  
1.13  
1.15  
1.20  
1.28  
1444.30  
1444.30  
1444.30  
1444.30  
17462.74  
15719.73  
16387.57  17186.93  
1554.25  
1586.37  
1619.48  
1654.26  
-8.17% 
-2.18% 
4.24% 
6.90% 
3547.14  
3789.42  
4040.27  
4305.97  
-16.92% 
2.67% 
4.50% 
5.97% 
22564.14  
21095.52  
22047.31  23147.16  
-16.71% 
2.42% 
4.30% 
5.93% 
9.80% 
10.15% 
10.18% 
10.08% 
2.41% 
2.52% 
2.52% 
2.49% 
280.51  
480.11  
752.95  
853.03  
7.86% 
7.54% 
7.37% 
7.33% 
307.58  
317.72  
331.00  
350.31  
3.61% 
3.79% 
3.84% 
3.89% 
155.07  
119.22  
151.29  
183.39  
77.39% 
74.52% 
74.33% 
74.25% 
64.71  
151.68  
151.68  
151.68  
52.11% 
52.23% 
47.38% 
41.96% 
3.95  
0.24  
1.58  
1.66  
0.99  
0.98  
0.99  
0.99  
-321.10  
-144.18  
76.10  
121.03  
0.43  
0.43  
0.43  
0.43  
70.31  
35.44  
41.29  
44.96  
0.57  
0.52  
0.55  
0.56  
-822.89  
-434.22  
-428.36  
-470.54  
5.74  
5.26  
6.12  
6.06  
-553.84  
-433.97  
-426.78  
-468.88  
1.69  
1.59  
1.79  
1.76  
-163.24  
0.00  
0.00  
0.00  
1.13  
1.15  
1.20  
1.28  
-105.81  
-0.24  
-1.58  
-1.66  
1.13  
1.94  
3.04  
3.45  
573.95  
-196.78  
-198.72  
-201.51  
14.34  
15.32  
16.33  
17.40  
332.96  
0.00  
0.00  
0.00  
5.16  
5.04  
4.83  
4.56  
459.28  
0.00  
0.00  
0.00  
0.41  
0.38  
0.36  
0.33  
-218.29  
-196.78  
-198.72  
-201.51  
6.80  
6.90  
6.17  
5.45  
33.35  
-149.11  
125.86  
180.98  
0.12  
0.13  
0.12  
0.11  
 
 
