 
 
 
 
 
 
 




 
 
 
 
11439.75 
11439.92 
11898.39 
12366.99 
10671.71 
10874.00 
11290.00 
11790.00 
1857.03 
2325.21 
2439.16 
2545.59 
9576.02 
9754.00 
10145.00 
10610.00 
2047.59 
1712.95 
1780.09 
1829.91 
36.29 
39.08 
40.19 
41.79 
658.25 
625.80 
651.09 
687.34 
68.36 
69.10 
72.07 
75.19 
231.10 
232.23 
238.38 
251.54 
223.29 
224.66 
234.17 
244.58 
2861.16 
2932.50 
3045.51 
3184.19 
79.46 
94.16 
84.80 
82.52 
3784.61 
3611.24 
3744.15 
3868.43 
-30.38 
-26.35 
-26.54 
-26.68 
7188.68 
7445.18 
7612.36 
7819.06 
-14.67 
0.00 
0.00 
0.00 
1539.84 
1539.84 
1539.84 
1539.84 
-12.96 
-27.79 
-25.99 
-26.00 
730.28 
693.31 
656.34 
619.37 
322.83 
333.75 
345.44 
355.63 
1170.02 
1312.65 
1516.79 
1760.47 
9.50 
0.00 
0.00 
0.00 
3748.52 
3899.38 
3899.38 
3899.38 
7.58 
0.00 
0.00 
0.00 
18628.43 
18885.11 
19510.75 
20186.05 
324.75 
333.75 
345.44 
355.63 
11127.54 
11049.85 
11430.60 
11853.78 
53.96 
55.22 
57.35 
58.98 
1501.43 
1501.43 
1501.43 
1501.43 
270.78 
278.53 
288.09 
296.65 
5128.14 
4880.86 
5164.26 
5417.19 
48.63 
50.38 
52.55 
53.82 
4497.98 
4667.57 
4764.91 
4935.16 
222.15 
228.16 
235.54 
242.83 
3274.91 
3295.51 
3295.51 
3295.51 
678.15 
499.68 
514.66 
537.98 
2350.63 
2350.63 
2350.63 
2350.63 
1.64 
1.68 
1.73 
1.79 
924.29 
944.89 
944.89 
944.89 
14402.46 
14345.36 
14726.11 
15149.29 
943.46 
993.83 
1046.39 
1100.21 
-6.22% 
1.90% 
3.83% 
4.43% 
3282.51 
3545.91 
3738.25 
3936.55 
-16.35% 
3.38% 
3.50% 
2.95% 
18628.43 
18885.11 
19510.75 
20186.05 
-14.87% 
2.70% 
3.23% 
3.10% 
10.27% 
10.30% 
10.14% 
10.01% 
2.08% 
2.10% 
2.09% 
2.06% 
-314.24 
787.65 
563.53 
612.49 
6.77% 
6.43% 
6.30% 
6.17% 
270.78 
278.53 
288.09 
296.65 
3.96% 
3.71% 
3.64% 
3.62% 
240.41 
71.76 
84.42 
99.83 
77.31% 
75.96% 
75.48% 
75.05% 
82.43 
131.30 
131.30 
131.30 
74.05% 
60.53% 
55.05% 
50.18% 
-2.04 
27.79 
25.99 
26.00 
1.03 
1.04 
1.04 
1.04 
-1000.01 
200.26 
-48.77 
-23.99 
0.42 
0.43 
0.43 
0.43 
94.18 
78.00 
82.49 
82.70 
0.61 
0.58 
0.59 
0.59 
-480.40 
-329.86 
-275.07 
-330.23 
5.92 
5.78 
6.46 
6.53 
-351.89 
-175.10 
-249.09 
-304.23 
1.91 
1.95 
2.02 
2.01 
-107.78 
0.00 
0.00 
0.00 
1.64 
1.68 
1.73 
1.79 
-20.72 
-154.76 
-25.99 
-26.00 
-2.31 
5.80 
4.15 
4.51 
947.58 
7.74 
-174.50 
-175.83 
24.17 
26.11 
27.53 
28.99 
683.03 
0.00 
0.00 
0.00 
4.95 
4.82 
4.66 
4.52 
694.41 
0.00 
0.00 
0.00 
0.33 
0.31 
0.29 
0.28 
-429.86 
7.74 
-174.50 
-175.83 
6.45 
7.70 
7.25 
6.74 
147.34 
468.18 
113.96 
106.42 
0.10 
0.10 
0.10 
0.09 
 
 
