 
 
 
 
 
 
 




 
 
 
 
12640.92 
10765.35 
11435.27 
12242.88 
11603.11 
11349.88 
11830.65 
12647.08 
2500.62 
2229.16 
2353.34 
2532.62 
10445.05 
10197.66 
10625.89 
11372.12 
2461.94 
1853.55 
2010.17 
2165.88 
60.43 
59.02 
61.03 
65.55 
435.94 
386.24 
409.75 
441.87 
69.44 
64.95 
68.19 
73.22 
402.54 
412.26 
422.51 
452.42 
240.96 
241.53 
250.83 
267.66 
2457.16 
2197.45 
2320.91 
2504.89 
62.42 
101.67 
107.10 
104.61 
4382.72 
3686.69 
3918.59 
4145.20 
-30.88 
-15.07 
-18.10 
-20.13 
9923.21 
10173.59 
10453.78 
10744.31 
-4.18 
0.00 
0.00 
0.00 
1268.58 
1268.58 
1268.58 
1268.58 
-3.95 
-0.24 
-1.58 
-1.66 
749.12 
842.86 
898.47 
923.58 
384.50 
394.77 
410.10 
434.69 
2516.24 
2879.95 
3215.04 
3568.85 
12.68 
0.00 
0.00 
0.00 
5389.26 
5182.20 
5071.69 
4983.29 
8.47 
0.00 
0.00 
0.00 
22564.14 
20938.94 
21889.05 
22987.19 
388.71 
394.77 
410.10 
434.69 
12761.97 
10990.28 
11658.11 
12457.47 
81.13 
77.05 
81.07 
86.37 
1006.74 
1006.74 
1006.74 
1006.74 
307.58 
317.72 
329.04 
348.33 
7155.07 
5691.86 
6208.62 
6737.13 
28.71 
32.11 
32.92 
34.58 
4600.16 
4291.68 
4442.75 
4713.60 
278.87 
285.60 
296.12 
313.75 
4700.77 
4514.74 
4514.74 
4514.74 
623.44 
615.65 
668.49 
722.70 
3256.46 
3256.46 
3256.46 
3256.46 
1.13 
1.15 
1.20 
1.27 
1444.30 
1258.28 
1258.28 
1258.28 
17462.74 
15505.02 
16172.86 
16972.22 
1554.25 
1586.37 
1619.28 
1653.86 
-8.17% 
-2.18% 
4.24% 
6.90% 
3547.14 
3847.55 
4096.91 
4361.11 
-16.92% 
2.67% 
3.88% 
6.00% 
22564.14 
20938.94 
21889.05 
22987.19 
-16.71% 
2.42% 
3.68% 
5.95% 
9.80% 
10.15% 
10.18% 
10.08% 
2.41% 
2.52% 
2.50% 
2.48% 
280.51 
476.19 
750.98 
851.04 
7.86% 
7.42% 
7.23% 
7.19% 
307.58 
317.72 
329.04 
348.33 
3.61% 
3.78% 
3.83% 
3.88% 
155.07 
119.22 
151.29 
183.39 
77.39% 
74.05% 
73.89% 
73.83% 
64.71 
151.68 
151.68 
151.68 
52.11% 
53.39% 
48.58% 
43.19% 
3.95 
0.24 
1.58 
1.66 
0.99 
0.98 
0.98 
0.98 
-321.10 
-144.18 
76.10 
121.03 
0.43 
0.42 
0.42 
0.42 
70.31 
31.52 
41.29 
44.96 
0.57 
0.52 
0.55 
0.56 
-822.89 
-392.41 
-428.36 
-470.54 
5.74 
5.26 
6.12 
6.06 
-553.84 
-433.86 
-426.78 
-468.88 
1.69 
1.59 
1.79 
1.76 
-163.24 
0.00 
0.00 
0.00 
1.13 
1.15 
1.20 
1.27 
-105.81 
41.45 
-1.58 
-1.66 
1.13 
1.92 
3.04 
3.44 
573.95 
-354.49 
-198.44 
-201.23 
14.34 
15.55 
16.56 
17.63 
332.96 
0.00 
0.00 
0.00 
5.04 
4.92 
4.75 
4.48 
459.28 
0.00 
0.00 
0.00 
0.40 
0.37 
0.34 
0.32 
-218.29 
-354.49 
-198.44 
-201.23 
6.80 
7.00 
6.26 
5.54 
33.35 
-271.46 
124.18 
179.28 
0.12 
0.12 
0.12 
0.11 
 
 
