⚫ 
⚫ 
⚫ 
⚫ 
⚫ 
⚫ 
⚫ 
22782.09  
19818.91  
20832.85  
22056.27  
1.35  
-13.01  
5.12  
5.87  
3035.67  
2665.39  
2768.72  
3064.40  
12.92  
-12.20  
3.88  
10.68  
34.16  
34.21  
34.33  
34.35  
4.98  
4.38  
4.55  
5.03  
14.27  
16.25  
15.64  
14.13  
2.39  
2.48  
2.14  
1.86  
1.90  
2.19  
2.08  
1.96  
 
维持评级 

 

 


 
 
 
 
 
-60%
-40%
-20%
0%
20%
40%
2023-10
2023-11
2023-12
2024-01
2024-02
2024-03
2024-04
2024-05
2024-06
2024-07
2024-08
2024-09
欧派家居
沪深300
 · 轻工行业
 
 
16365.30  
13262.37  
15810.91  18836.59  
22782.09  
19818.91  
20832.85  
22056.27  
12574.59  
8617.95  
11040.91  
13913.79  
15000.50  
13038.86  
13680.93  
14479.94  
1361.62  
1211.16  
1330.99  
1470.42  
164.62  
142.70  
150.00  
158.81  
112.46  
99.09  
104.16  
110.28  
1981.76  
1942.25  
1958.29  
1985.06  
100.17  
71.71  
68.40  
65.16  
1401.39  
1228.77  
1208.31  
1279.26  
1132.46  
941.70  
950.06  
965.33  
-307.72  
-361.52  
-147.86  
-252.37  
1084.00  
2320.76  
2316.38  
2311.61  
0.00  
0.00  
0.00  
0.00  
17981.74  
19748.93  
20206.35  
20535.76  
-22.23  
0.00  
0.00  
0.00  
0.00  
7.50  
15.00  
15.00  
88.37  
79.28  
83.33  
88.23  
7066.49  
7264.40  
7241.31  
7097.72  
3512.76  
3082.66  
3199.88  
3543.16  
1033.30  
1006.30  
979.30  
952.30  
44.15  
33.49  
36.41  
37.33  
9881.95  
11470.74  
11970.74  
12470.74  
20.26  
11.16  
10.92  
10.68  
34347.04  
33011.30  
36017.26  39372.35  
3536.65  
3104.99  
3225.37  
3569.81  
13179.68  
12490.19  
12738.46  13041.36  
511.21  
450.22  
467.68  
517.62  
7796.16  
7796.16  
7796.16  
7796.16  
3025.44  
2654.77  
2757.69  
3052.19  
1695.16  
1412.54  
1444.10  
1488.22  
-10.23  
-10.62  
-11.03  
-12.21  
3688.36  
3281.49  
3498.20  
3756.98  
3035.67  
2665.39  
2768.72  
3064.40  
3050.88  
3081.32  
3081.32  
3081.32  
4055.44  
3378.56  
3733.59  
3994.03  
606.99  
606.99  
606.99  
606.99  
4.98  
4.38  
4.55  
5.03  
2443.89  
2474.33  
2474.33  
2474.33  
16230.56  
15571.51  
15819.78  16122.68  
-0.77  
-11.39  
-22.42  
-34.63  
1.35% 
-13.01% 
5.12% 
5.87% 
18117.25  
17451.18  
20219.90  
23284.30  
14.94% 
-12.24% 
3.80% 
10.73% 
34347.04  
33011.30  
36017.26  39372.35  
12.92% 
-12.20% 
3.88% 
10.68% 
34.16% 
34.21% 
34.33% 
34.35% 
13.32% 
13.45% 
13.29% 
13.89% 
4878.07  
3284.73  
3747.23  
4087.97  
16.76% 
15.27% 
13.69% 
13.16% 
3025.44  
2654.77  
2757.69  
3052.19  
9.49% 
8.50% 
8.67% 
8.49% 
915.96  
635.09  
656.09  
676.59  
47.25% 
47.17% 
43.92% 
40.95% 
209.08  
317.51  
317.51  
321.76  
-13.13% 
8.89% 
-4.32% 
-16.11% 
-88.37  
-79.28  
-83.33  
-88.23  
1.24  
1.06  
1.24  
1.44  
549.19  
-265.38  
122.69  
150.10  
1.09  
0.81  
1.00  
1.21  
266.78  
22.03  
-23.41  
-24.44  
0.72  
0.59  
0.60  
0.59  
-4664.36  
-3555.66  
-1006.76  
-893.33  
16.76  
15.41  
16.39  
15.75  
-2098.57  
-1285.65  
-1082.59  
-981.56  
8.32  
8.39  
9.58  
9.88  
-2044.17  
-7.50  
-7.50  
0.00  
4.98  
4.38  
4.55  
5.03  
-521.63  
-2262.51  
83.33  
88.23  
8.01  
5.39  
6.15  
6.71  
740.59  
-364.31  
-317.51  
-321.76  
29.74  
28.65  
33.19  
38.22  
3211.47  
0.00  
0.00  
0.00  
14.27  
16.25  
15.64  
14.13  
601.87  
0.00  
0.00  
0.00  
2.39  
2.48  
2.14  
1.86  
-3072.75  
-364.31  
-317.51  
-321.76  
9.87  
13.28  
11.37  
9.91  
994.00  
-645.86  
2422.96  
2872.88  
1.90  
2.19  
2.08  
1.96  
 · 轻工行业
 
 
