 
⚫ 
⚫ 
⚫ 
⚫ 
⚫ 
⚫ 

 

 
 
 
 
 
275250.93 
295169.86 
319946.45 
349848.49 
5.75 
7.24 
8.39 
9.35 
4552.53 
5098.88 
5633.62 
6212.14 
20.82 
12.00 
10.49 
10.27 
11.13 
12.11 
12.08 
12.06 
1.23 
1.37 
1.52 
1.68 
15.57 
13.90 
12.58 
11.41 
0.99 
0.94 
0.87 
0.81 
0.26 
0.24 
0.22 
0.20 
 
 
171823.11  183072.28 
198845.64 
216889.43 
275250.93 
295169.86 
319946.45 
349848.49 
35744.33  
41949.76  
46689.48  51424.42  
244619.26 
259429.27 
281297.63 
307647.49 
79129.21  
79439.94  
86108.13  94155.76  
777.88 
911.38 
987.88 
1080.20 
3106.70  
3177.10  
3443.79  
3765.64  
12713.98 
17857.78 
19196.79 
20990.91 
1947.40  
4979.60  
5399.35  
5905.12  
5689.84 
6351.36 
6884.49 
7527.91 
38943.67  
39632.68  
42973.49  46998.92  
1480.91 
1432.74 
1391.43 
1379.43 
12951.81  
13893.19  
14231.40  14639.57  
-614.37 
0.00 
0.00 
0.00 
49386.32  
50278.83  
51088.54  51821.79  
203.85 
0.00 
0.00 
0.00 
8066.84  
8066.84  
8066.84  
8066.84  
380.43 
1080.02 
1160.26 
1224.47 
14911.05  
16028.80  
16918.18  17569.20  
8140.71 
8145.64 
8984.18 
9891.36 
5617.46  
5917.46  
6217.46  
6517.46  
156.40 
50.00 
50.00 
50.00 
20790.97  
20265.72  
19886.05  19668.28  
277.11 
200.00 
200.00 
200.00 
221209.43 
233351.11  249934.18 
268711.22  
8020.01 
7995.64 
8834.18 
9741.36 
126038.39 
133446.57 
143637.12 
155301.54 
2150.00 
1648.75 
1821.66 
2008.73 
38064.10  
41064.10  
44064.10  47064.10  
5870.01 
6346.89 
7012.51 
7732.63 
50241.79  
53325.63  
57820.66  63236.87  
1317.48 
1248.01 
1378.89 
1520.49 
37732.50  
39056.84  
41752.36  45000.57  
4552.53 
5098.88 
5633.62 
6212.14 
11428.68  
10808.68  
10188.68  
9568.68  
11934.45 
11415.87 
12295.90 
13267.54 
8331.33  
7831.33  
7331.33  
6831.33  
1.23 
1.37 
1.52 
1.68 
3097.35  
2977.35  
2857.35  
2737.35  
137467.07 
144255.25 
153825.80 
164870.22 
12066.74  
13314.75  
14693.65  16214.14  
5.75%
7.24%
8.39%
9.35%
71675.62  
75781.11  
81414.73  87626.86  
6.18%
0.06%
10.29%
10.10%
221209.43 
233351.11  249934.18 
268711.22  
20.82%
12.00%
10.49%
10.27%
11.13% 
12.11% 
12.08% 
12.06% 
1.65%
1.73%
1.76%
1.78%
5827.26  
8823.86  
6360.42  
6368.73  
6.35%
6.73%
6.92%
7.09%
5870.01  
6346.89  
7012.51  
7732.63  
5.16%
5.34%
5.43%
5.53%
2609.90  
1987.49  
2070.29  
2146.75  
62.14%
61.82%
61.55%
61.36%
1837.34  
2147.62  
2230.42  
2313.22  
15.39%
10.17%
6.98%
4.19%
-593.00  
-1080.02  
-1160.26  
-1224.47  
1.36 
1.37 
1.38 
1.40 
-4235.67  
-635.55  
-3843.09  
-4644.44  
1.03 
1.03 
1.04 
1.05 
338.68  
57.43  
50.55  
45.05  
1.27 
1.30 
1.32 
1.35 
415.98  
-1857.40  
-1770.29  
-1700.58  
3.62 
3.72 
3.87 
3.88 
-2156.21  
-2657.43  
-2650.55  
-2645.05  
4.98 
5.01 
5.06 
5.08 
1790.25  
-250.00  
-250.00  
-250.00  
1.23 
1.37 
1.52 
1.68 
781.94  
1050.02  
1130.26  
1194.47  
1.57 
2.38 
1.72 
1.72 
-1863.93  
232.38  
149.58  
66.78  
19.33 
20.44 
21.95 
23.63 
2503.60  
3000.00  
3000.00  
3000.00  
15.57 
13.90 
12.58 
11.41 
2545.18  
-500.00  
-500.00  
-500.00  
0.99 
0.94 
0.87 
0.81 
-6912.71  
-2267.62  
-2350.42  
-2433.22  
7.60 
7.00 
6.31 
5.67 
4381.46  
7200.99  
4739.72  
4734.94  
0.26 
0.24 
0.22 
0.20 
 
 
