 · 社会服务行业
 
⚫ 
⚫ 
⚫ 
⚫ 
⚫ 
⚫ 
67540.10  
56383.06  
64840.52  
71324.57  
24.08  
-16.52  
15.00  
10.00  
6713.69  
4938.66  
6976.93  
8283.91  
33.46  
-26.44  
41.27  
18.73  
3.25  
2.39  
3.37  
4.00  
20.92  
28.44  
20.13  
16.96  
 
维持评级 
顾熹闽

 

 
 
 · 社会服务行业
 
 
58455.84  
58662.65  
70582.82  
76923.42  
67540.10  
56383.06  
64840.52  
71324.57  
31838.43  
46765.28  
61242.76  
63700.41  
46049.40  
38904.31  
43443.15  
47787.46  
138.84  
95.92  
189.08  
116.54  
1644.28  
1240.43  
1426.49  
1569.14  
1238.83  
174.34  
1715.54  
312.94  
9420.83  
7893.63  
8429.27  
8558.95  
481.92  
368.72  
436.71  
477.80  
2208.34  
1691.49  
1945.22  
2139.74  
21056.91  
7557.49  
3297.82  
8614.83  
-868.80  
-778.01  
-450.75  
-609.42  
3700.91  
3700.91  
3700.91  
3700.91  
-638.16  
-563.83  
-648.41  
-713.25  
20413.57  
20413.57  
20413.57  
20413.57  
0.00  
0.00  
0.00  
0.00  
2199.94  
2199.94  
2199.94  
2199.94  
86.98  
56.38  
64.84  
71.32  
6292.10  
6292.10  
6292.10  
6292.10  
8677.20  
6946.32  
9489.52  
11265.31  
2127.54  
2127.54  
2127.54  
2127.54  
11.42  
10.00  
10.00  
10.00  
9793.98  
9793.98  
9793.98  
9793.98  
43.09  
20.00  
20.00  
20.00  
78869.41  
79076.21  
90996.38  
97336.99  
8645.53  
6936.32  
9479.52  
11255.31  
15328.50  
13399.87  
17736.42  
15072.78  
1379.32  
1387.26  
1895.90  
2251.06  
369.43  
348.47  
327.52  
-207.38  
7266.21  
5549.06  
7583.62  
9004.25  
6366.24  
5036.99  
8648.03  
5890.60  
552.53  
610.40  
606.69  
720.34  
8592.83  
8014.41  
8760.87  
9389.56  
6713.69  
4938.66  
6976.93  
8283.91  
4359.27  
4359.27  
4359.27  
4359.27  
8982.91  
6675.75  
9622.33  
11297.81  
2522.28  
2522.28  
2522.28  
2522.28  
3.25  
2.39  
3.37  
4.00  
1836.99  
1836.99  
1836.99  
1836.99  
19687.77  
17759.14  
22095.69  
19432.05  
5347.69  
5958.08  
6564.77  
7285.11  
24.08% 
-16.52% 
15.00% 
10.00% 
53833.95  
55358.99  
62335.92  
70619.83  
13.88% 
-19.95% 
36.61% 
18.71% 
78869.41  
79076.21  
90996.38  
97336.99  
33.46% 
-26.44% 
41.27% 
18.73% 
31.82% 
31.00% 
33.00% 
33.00% 
9.94% 
8.76% 
10.76% 
11.61% 
15126.42  
18332.99  
14460.49  
2934.23  
12.47% 
8.92% 
11.19% 
11.73% 
7266.21  
5549.06  
7583.62  
9004.25  
9.99% 
8.01% 
10.37% 
10.93% 
1309.51  
0.00  
0.00  
0.00  
24.96% 
22.46% 
24.28% 
19.96% 
297.89  
17.95  
16.90  
3.00  
-44.70% 
-67.53% 
-81.14% 
-75.60% 
-86.98  
-56.38  
-64.84  
-71.32  
3.81  
4.38  
3.98  
5.10  
5957.05  
12248.54  
6266.41  
-6724.94  
2.17  
3.51  
3.56  
4.25  
382.74  
573.83  
658.41  
723.25  
0.86  
0.71  
0.71  
0.73  
-4715.79  
46.38  
54.84  
61.32  
486.46  
587.83  
342.92  
612.02  
-1801.29  
-10.00  
-10.00  
-10.00  
10.61  
11.19  
7.50  
12.11  
-2923.14  
0.00  
0.00  
0.00  
3.25  
2.39  
3.37  
4.00  
8.64  
56.38  
64.84  
71.32  
7.31  
8.86  
6.99  
1.42  
-4627.78  
-3452.52  
-37.85  
-537.91  
26.02  
26.76  
30.13  
34.13  
-1562.80  
-20.95  
-20.95  
-534.90  
20.92  
28.44  
20.13  
16.96  
13.31  
0.00  
0.00  
0.00  
2.61  
2.54  
2.25  
1.99  
-3078.28  
-3431.57  
-16.90  
-3.00  
16.33  
14.84  
8.79  
7.22  
5990.05  
14926.86  
14477.48  
2457.65  
2.08  
2.49  
2.17  
1.97  
 · 社会服务行业
 
