 
⚫ 
⚫ 
⚫ 
⚫ 
⚫ 
⚫ 

 

 



 
 
 
 
-20%
0%
20%
40%
60%
300
 
 
4339.80 
4779.14 
4392.99 
5116.49 
23461.33 
24794.56 
26541.55 
28313.00 
1760.31 
2179.33 
1555.11 
2112.97 
10237.65 
10883.67 
11717.94 
12339.06 
1967.36 
2037.91 
2181.50 
2327.10 
436.46 
461.18 
488.36 
515.30 
418.94 
352.54 
425.66 
428.32 
23.14 
24.79 
26.54 
28.31 
81.60 
69.99 
84.38 
84.10 
542.53 
570.27 
583.91 
594.57 
44.10 
49.25 
51.75 
55.16 
2730.46 
2693.35 
2727.89 
2945.07 
67.49 
90.11 
94.60 
108.85 
-63.46 
-50.00 
-50.00 
-50.00 
190899.47 
207967.11 
224579.96 
238533.63 
-50.09 
0.00 
0.00 
0.00 
3187.04 
3287.04 
3387.04 
3487.04 
283.25 
297.53 
318.50 
339.76 
135970.91 
148757.68 
160944.45 
172531.23 
9425.72 
10226.68 
11083.12 
12000.14 
6335.08 
6165.61 
6066.62 
5945.80 
47.64 
50.00 
50.00 
50.00 
45406.44 
49756.78 
54181.86 
56569.56 
53.42 
50.00 
50.00 
50.00 
195239.27 
212746.25 
228972.95 
243650.12 
9419.94 
10226.68 
11083.12 
12000.14 
29038.89 
30798.66 
34888.47 
36195.52 
1176.78 
1329.47 
1496.22 
1680.02 
8137.26 
10137.26 
13137.26 
14137.26 
8243.16 
8897.21 
9586.90 
10320.12 
339.52 
385.97 
402.08 
430.49 
605.08 
667.29 
719.02 
774.01 
20562.11 
20275.43 
21349.12 
21627.77 
7638.07 
8229.92 
8867.88 
9546.11 
95477.03 
106477.03 
113477.03 
121477.03 
17838.10 
20395.17 
21802.43 
23531.67 
91764.16 
96764.16 
101764.16 
106764.16 
0.42 
0.46 
0.49 
0.53 
3712.87 
9712.87 
11712.87 
14712.87 
124515.92 
137275.69 
148365.50 
157672.55 
3394.28 
4061.57 
4780.59 
5554.60 
-0.51%
5.68%
7.05%
6.67%
67329.06 
71408.98 
75826.86 
80422.97 
3.64%
8.50%
8.37%
8.27%
195239.27 
212746.25 
228972.95 
243650.12 
5.58%
7.75%
7.75%
7.65%
56.36%
56.10%
55.85%
56.42%
32.56%
33.19%
33.41%
33.72%
17062.57 
18841.53 
21198.56 
22030.11 
11.34%
11.53%
11.69%
11.87%
8243.16 
8897.21 
9586.90 
10320.12 
5.80%
5.55%
5.47%
5.52%
5854.06 
7738.35 
8276.70 
8894.11 
63.78%
64.53%
64.80%
64.71%
2771.19 
2714.05 
2751.73 
2964.23 
153.18%
160.22%
163.19%
162.82%
-283.25 
-297.53 
-318.50 
-339.76 
0.15 
0.16 
0.13 
0.14 
370.16 
-260.54 
851.73 
141.41 
0.15 
0.15 
0.12 
0.14 
107.26 
50.00 
50.00 
50.00 
0.12 
0.12 
0.12 
0.12 
-26567.37 
-24508.46 
-24571.05 
-22508.02 
11.93 
12.17 
12.17 
12.17 
-18105.54 
-24605.99 
-24689.55 
-22647.77 
69.10 
64.24 
66.01 
65.77 
-8838.46 
-200.00 
-200.00 
-200.00 
0.42 
0.46 
0.49 
0.53 
376.63 
297.53 
318.50 
339.76 
0.95 
1.05 
1.18 
1.22 
8699.73 
6085.95 
2748.27 
1035.77 
3.74 
3.97 
4.21 
4.47 
3841.57 
2000.00 
3000.00 
1000.00 
20.55 
19.27 
17.88 
16.61 
9702.91 
5000.00 
5000.00 
5000.00 
2.31 
2.22 
2.09 
1.97 
-4844.75 
-914.05 
-5251.73 
-4964.23 
14.78 
13.70 
13.31 
12.69 
-791.18 
419.02 
-624.23 
557.86 
6.76 
6.40 
5.97 
5.60 
 
 
