 · 社会服务行业
 
⚫ 
⚫ 
⚫ 
⚫ 
⚫ 
⚫ 
67540.10  
62062.57  
71371.96  
78509.16  
24.08  
-8.11  
15.00  
10.00  
6713.69  
6264.82  
7652.39  
9106.13  
33.46  
-6.69  
22.15  
19.00  
3.25  
3.03  
3.70  
4.40  
18.80  
20.15  
16.49  
13.86  
 
维持评级 
顾熹闽

 

 
 
 · 社会服务行业
 
 
58455.84  
61532.41  
74199.24  81780.04  
67540.10  
62062.57  
71371.96  
78509.16  
31838.43  
47492.25  
65620.06  
66268.94  
46049.40  
41581.92  
47819.21  
52601.13  
138.84  
119.56  
194.14  
142.26  
1644.28  
1365.38  
1570.18  
1727.20  
1238.83  
316.69  
1763.56  
469.25  
9420.83  
8688.76  
9278.35  
9421.10  
481.92  
394.10  
480.70  
525.93  
2208.34  
1861.88  
2141.16  
2355.27  
21056.91  
9508.90  
2439.87  
10672.75  
-868.80  
-778.01  
-458.02  
-653.20  
3700.91  
3700.91  
3700.91  
3700.91  
-638.16  
-620.63  
-713.72  
-785.09  
20413.57  
20413.57  
20413.57  
20413.57  
0.00  
0.00  
0.00  
0.00  
2199.94  
2199.94  
2199.94  
2199.94  
86.98  
62.06  
71.37  
78.51  
6292.10  
6292.10  
6292.10  
6292.10  
8677.20  
8808.91  
10407.27  
12382.46  
2127.54  
2127.54  
2127.54  
2127.54  
11.42  
10.00  
10.00  
10.00  
9793.98  
9793.98  
9793.98  
9793.98  
43.09  
20.00  
20.00  
20.00  
78869.41  
81945.97  
94612.81  102193.61  
8645.53  
8798.91  
10397.27  
12372.46  
15328.50  
14779.56  
19128.57  
16811.40  
1379.32  
1759.78  
2079.45  
2474.49  
369.43  
348.47  
327.52  
-207.38  
7266.21  
7039.13  
8317.82  
9897.97  
6366.24  
5821.82  
9241.70  
6761.42  
552.53  
774.30  
665.43  
791.84  
8592.83  
8609.26  
9559.35  
10257.36  
6713.69 
6264.82 
7652.39 
9106.13 
4359.27  
4359.27  
4359.27  
4359.27  
8982.91 
8589.46 
10591.60 
12435.85 
2522.28  
2522.28  
2522.28  
2522.28  
3.25 
3.03 
3.70 
4.40 
1836.99  
1836.99  
1836.99  
1836.99  
19687.77  
19138.83  
23487.84  
21170.67  
5347.69  
6121.99  
6787.42  
7579.25  
24.08% 
-8.11% 
15.00% 
10.00% 
53833.95  
56685.16  
64337.55  
73443.68  
13.88% 
1.52% 
18.14% 
18.98% 
78869.41  
81945.97  
94612.81  102193.61  
33.46% 
-6.69% 
22.15% 
19.00% 
31.82% 
33.00% 
33.00% 
33.00% 
9.94% 
10.09% 
10.72% 
11.60% 
15126.42  
19054.28  
18104.29  
1118.28  
12.47% 
11.05% 
11.89% 
12.40% 
7266.21  
7039.13  
8317.82  
9897.97  
9.99% 
10.08% 
11.08% 
11.59% 
1309.51  
0.00  
0.00  
0.00  
24.96% 
23.36% 
24.83% 
20.72% 
297.89  
17.95  
16.90  
3.00  
-44.70% 
-67.08% 
-84.75% 
-75.86% 
-86.98  
-62.06  
-71.37  
-78.51  
3.81  
4.16  
3.88  
4.86  
5957.05  
11428.64  
9117.23  
-9499.28  
2.17  
3.24  
3.53  
3.98  
382.74  
630.63  
723.72  
795.09  
0.86  
0.76  
0.75  
0.77  
-4715.79  
52.06  
61.37  
68.51  
486.46  
519.07  
367.63  
551.85  
-1801.29  
-10.00  
-10.00  
-10.00  
10.61  
10.66  
7.72  
11.61  
-2923.14  
0.00  
0.00  
0.00  
3.25  
3.03  
3.70  
4.40  
8.64  
62.06  
71.37  
78.51  
7.31  
9.21  
8.75  
0.54  
-4627.78  
-3452.52  
-37.85  
-537.91  
26.02  
27.40  
31.10  
35.50  
-1562.80  
-20.95  
-20.95  
-534.90  
18.80  
20.15  
16.49  
13.86  
13.31  
0.00  
0.00  
0.00  
2.34  
2.23  
1.96  
1.72  
-3078.28  
-3431.57  
-16.90  
-3.00  
16.33  
9.79  
6.23  
5.21  
5990.05  
15653.83  
18127.81  
648.88  
1.87  
2.03  
1.77  
1.61  
 · 社会服务行业
 
