 
 
 
 
 
 
 



 

 
 
 
 
 
 
 
 
 
 
 
 
 
 
 
 
 
 
 
 
 
 
 
 
 
 
 
 
 
 
 
 
 
 
 
 
 
 
 
 
 
188124.97 
-72191.68 
-33502.30 
8503.69 
523568.92 
541474.98 
561238.81 
582285.27 
102008.94 
-90399.21 
-51709.84 
-9703.84 
373498.41 
386071.66 
399602.04 
414587.11 
39648.27 
0.00 
0.00 
0.00 
2183.82 
2220.05 
2301.08 
2329.14 
9687.94 
0.00 
0.00 
0.00 
55481.76 
59562.25 
61736.27 
61722.24 
7355.57 
0.00 
0.00 
0.00 
37126.52 
38444.72 
39847.96 
41342.25 
3267.04 
0.00 
0.00 
0.00 
227.88 
0.00 
0.00 
0.00 
26157.22 
18207.53 
18207.53 
18207.53 
-120.08 
0.00 
0.00 
0.00 
678500.23 
678500.23 678500.23 
678500.23 
-1076.91 
0.00 
0.00 
0.00 
44177.02 
44177.02 
44177.02 
44177.02 
2625.60 
2165.90 
2806.19 
2911.43 
426647.44 
426647.44 426647.44 
426647.44 
42597.18 
45862.93 
49725.76 
53977.84 
47678.45 
47678.45 
47678.45 
47678.45 
4016.68 
2987.00 
2987.00 
2987.00 
159997.31 
159997.31 159997.31 
159997.31 
4441.57 
3111.00 
3111.00 
3111.00 
866625.20 
606308.55 644997.92 
687003.92 
42172.28 
45738.93 
49601.76 
53853.84 
325377.17 
29294.96 
29294.96 
29294.96 
9197.26 
10062.56 
10912.39 
11847.85 
2834.66 
2834.66 
2834.66 
2834.66 
32975.02 
35676.37 
38689.37 
42006.00 
145343.78 
0.00 
0.00 
0.00 
-37.05 
0.00 
0.00 
0.00 
177198.73 
26460.30 
26460.30 
26460.30 
33012.07 
35676.37 
38689.37 
42006.00 
84696.23 
84696.23 
84696.23 
84696.23 
140010.43 
45738.93 
49601.76 
53853.84 
7458.65 
7458.65 
7458.65 
7458.65 
0.36 
0.39 
0.42 
0.46 
77237.57 
77237.57 
77237.57 
77237.57 
410073.40 
113991.19 
113991.19 
113991.19 
4162.08 
4162.08 
4162.08 
4162.08 
3.10%
3.42%
3.65%
3.75%
452389.72 
488155.28 526844.65 
568850.65 
0.07%
7.67%
8.42%
8.55%
866625.20 
606308.55 644997.92 
687003.92 
8.43%
8.07%
8.45%
8.57%
28.66%
28.70%
28.80%
28.80%
6.31%
6.59%
6.89%
7.21%
145268.13 -196705.14 
33762.22 
36889.43 
7.30%
7.31%
7.34%
7.38%
32975.02 
35676.37 
38689.37 
42006.00 
5.92%
6.45%
6.54%
6.63%
100841.62 
0.00 
0.00 
0.00 
47.32%
18.80%
17.67%
16.59%
2108.46 
0.00 
0.00 
0.00 
-9.01%
30.73%
21.20%
12.32%
-2667.42 
-2165.90 
-2806.19 
-2911.43 
0.58 
-2.46 
-1.14 
0.29 
1329.02 
-228173.71 
0.00 
0.00 
0.48 
-3.09 
-1.77 
-0.33 
10681.43 
-2041.90 
-2120.96 
-2205.14 
0.62 
0.74 
0.90 
0.87 
-101294.15 
4207.80 
4927.15 
5116.57 
14.87 
27.31 
—
—
-88859.92 
2041.90 
2120.96 
2205.14 
2.63 
5.31 
—
—
-1906.98 
0.00 
0.00 
0.00 
0.36 
0.39 
0.42 
0.46 
-10527.26 
2165.90 
2806.19 
2911.43 
1.59 
-2.15 
0.37 
0.40 
-42902.00 
0.00 
0.00 
0.00 
4.94 
5.33 
5.76 
6.22 
-31.86 
0.00 
0.00 
0.00 
21.98 
20.34 
18.76 
17.27 
2316.93 
0.00 
0.00 
0.00 
1.60 
1.49 
1.38 
1.28 
-45187.07 
0.00 
0.00 
0.00 
4.42 
19.17 
16.90 
14.78 
1161.17 
-192408.14 
38689.37 
42006.00 
1.39 
1.34 
1.29 
1.25 
 
 
 
 
 
 
 
 
 
 
 
 
 
 
 
 
 
 
 
 
 
 
 
 
 
 
 
