 
 
 
 
 
 
 
7719.44 
8187.00 
8816.00 
9554.00 
1.74 
6.06 
7.68 
8.37 
233.84 
251.14 
272.32 
297.32 
-1.81 
7.40 
8.44 
9.18 
12.29 
12.50 
12.40 
12.26 
1.44 
1.54 
1.67 
1.83 
6.49 
6.05 
5.58 
5.11 

 

 


 
 
 
 
 
7889.25  
8121.20  
9003.15  
9955.35  
7719.44  
8187.00  
8816.00  
9554.00  
1424.81  
1684.94  
2085.84  
2533.94  
6771.02  
7163.60  
7722.60  
8382.30  
1380.19  
1352.16  
1479.00  
1612.08  
24.29  
25.59  
27.23  
29.72  
536.76  
573.08  
621.62  
670.47  
30.91  
29.37  
32.52  
35.42  
220.99  
268.68  
281.31  
303.07  
179.88  
200.09  
212.62  
230.14  
1021.34  
1003.82  
1100.21  
1199.36  
-7.12  
100.23  
95.03  
87.01  
3305.16  
3238.51  
3435.17  
3636.44  
-17.29  
0.00  
0.00  
0.00  
10693.47  
10740.71  
10768.70  
10777.64  
-10.77  
0.00  
0.00  
0.00  
1143.72  
1240.51  
1322.95  
1385.70  
-15.08  
-8.71  
-12.17  
-13.09  
647.41  
607.42  
562.41  
513.54  
364.29  
391.19  
422.81  
462.36  
2074.98  
2074.98  
2074.98  
2074.98  
6.00  
5.52  
5.54  
5.69  
6827.36  
6817.81  
6808.36  
6803.42  
6.48  
5.69  
5.82  
6.00  
18582.73  
18861.91  
19771.85  20732.99  
363.81  
391.02  
422.53  
462.05  
8688.08  
8696.06  
9312.37  
9952.45  
60.34  
67.48  
71.71  
78.56  
742.10  
742.10  
742.10  
742.10  
303.47  
323.54  
350.82  
383.49  
3961.24  
3953.07  
4328.27  
4708.18  
69.63  
72.41  
78.50  
86.18  
3984.73  
4000.89  
4241.99  
4502.17  
233.84  
251.14  
272.32  
297.32  
5216.50  
5216.50  
5216.50  
5216.50  
523.31  
557.29  
584.49  
617.03  
3929.46  
3929.46  
3929.46  
3929.46  
1.44  
1.54  
1.67  
1.83  
1287.03  
1287.03  
1287.03  
1287.03  
13904.58  
13912.56  
14528.86  15168.95  
1543.90  
1616.30  
1694.80  
1780.98  
1.74% 
6.06% 
7.68% 
8.37% 
3134.25  
3333.05  
3548.19  
3783.07  
0.09% 
7.39% 
8.08% 
9.35% 
18582.73  
18861.91  
19771.85  20732.99  
-1.81% 
7.40% 
8.44% 
9.18% 
12.29% 
12.50% 
12.40% 
12.26% 
3.03% 
3.07% 
3.09% 
3.11% 
125.06  
557.27  
688.77  
723.63  
7.46% 
7.53% 
7.68% 
7.86% 
303.47  
323.54  
350.82  
383.49  
3.03% 
3.69% 
3.80% 
3.92% 
133.97  
66.04  
66.93  
67.97  
74.83% 
73.76% 
73.48% 
73.16% 
206.77  
128.73  
128.73  
128.73  
99.02% 
88.34% 
75.75% 
63.32% 
-17.13  
8.71  
12.17  
13.09  
0.91  
0.93  
0.97  
1.00  
-578.51  
36.17  
135.26  
135.97  
0.39  
0.42  
0.45  
0.49  
76.51  
-5.91  
-5.14  
-5.62  
0.44  
0.44  
0.46  
0.47  
-296.19  
-116.07  
-101.94  
-84.38  
6.07  
5.99  
6.23  
6.18  
-257.10  
-9.56  
-21.73  
-24.66  
1.80  
1.81  
1.87  
1.86  
-40.29  
-97.81  
-68.04  
-46.63  
1.44  
1.54  
1.67  
1.83  
1.21  
-8.71  
-12.17  
-13.09  
0.77  
3.42  
4.23  
4.45  
416.40  
-181.47  
-185.92  
-191.17  
19.25  
20.48  
21.80  
23.24  
251.81  
0.00  
0.00  
0.00  
6.49  
6.05  
5.58  
5.11  
206.36  
0.00  
0.00  
0.00  
0.48  
0.46  
0.43  
0.40  
-41.77  
-181.47  
-185.92  
-191.17  
12.10  
10.57  
9.39  
8.17  
245.67  
260.13  
400.90  
448.09  
0.20  
0.19  
0.17  
0.16  
 
 
