 
 
1
请务必阅读正文后的免责条款部分 
联系地址： 北京市朝阳区望京街道望京东园四区2号楼中
航产融大厦中航证券有限公司 
公司网址： www.avicsec.com 
联系电话：010-59219558 
传    真：010-59562637 
 
中航证券研究所发布    证券研究报告 
 
中航证券金融研究所    
沈文文，CFA  
证券执业证书号：S0640513070003 
电话：010-59219558                 
邮箱：shenww@avicsec.com 
 
2022 年4 月25 日  
恒瑞医药（600276）2021 年报和2022 一
季报点评： 
短期业绩承压，持续看好研发战略布局 
行业分类：医药生物 
股市有风险  入市须谨慎 
公司投资评级 
买入 
6-12 个月目标价 
—— 
当前股价（2022.04.25） 
29.70 
 
 
基础数据 
上证指数 
2928.51 
总股本（亿） 
63.79 
流通A 股（亿） 
63.79 
流通B 股（亿） 
0 
流通A 股市值（亿元） 
1894.56 
每股净资产（元） 
5.68 
ROE（2022Q1） 
3.47% 
资产负债率（2022Q1） 
7.62% 
动态市盈率 
41.82 
市净率 
5.23 
 
近一年公司指数与沪深300 走势对
比 
 
资料来源：iFinD 
0
1000
2000
3000
4000
5000
6000
7000
8000
-60.00%
-50.00%
-40.00%
-30.00%
-20.00%
-10.00%
0.00%
10.00%
20.00%
21-04
21-05
21-06
21-07
21-08
21-09
21-10
21-11
21-12
22-01
22-02
22-03
成交金额
恒瑞医药
沪深300
2021 年报和2022 一季报： 
⚫ 
2021全年，公司实现营业收入2,590,552.64万元，同比减少6.59%；利润
总额446,630.88万元，同比减少35.23%；归属于上市公司股东的净利润
453,021.76万元，同比减少28.41%；归属于上市公司股东的扣除非经常性
损益的净利润420,069.92，同比减少29.53%；基本每股收益0.71元，同减
少28.28%。2022Q1，公司实现营业收入547,853.91万元，同比减少20.93%；
归属于上市公司股东的净利润123,694.92万元，同比减少17.35%。 
⚫ 
多项因素共振，全年业绩承压。2021年全年，公司抗肿瘤业务实现营业收
入1,307,155.52万元，同比减少14.39%；毛利率90.68%，较去年同期下降
了2.67个百分点。麻醉业务实现营业收入491,642.63万元，同比增长
7.09%；毛利率89.08%，较去年同期下降了1.26个百分点。造影剂业务实
现营业收入326,958.64万元，同比减少9.93%；毛利率72.24%，较去年同
期下降了0.17个百分点。受我国集采、医保谈判加速推进影响，公司卡瑞
利珠单抗等核心产品价格大幅下降，叠加原材料等成本上涨，公司研发费
用持续加大等多重因素的影响，对公司全年业绩造成影响。 
⚫ 
研发支撑差异化战略，有望抵消集采负面影响。2021 年全年，公司研发
费用达到594,330.60 万元，同比增长19.13%，占公司营业收入比重的
22.94%，在行业目前已公布年报中排名第7（不含未盈利公司）。2021 年
公司海曲泊帕乙醇胺片、脯氨酸恒格列净片、羟乙磺酸达尔西利片三个创
新产品获批上市。公司目前处于转型升级阶段，研发布局不断优化、丰富，
随着公司肿瘤、非肿瘤创新产品的陆续上市，未来有望与集采等政策带来
的负面影响形成抵消，支撑公司业绩长期发展。 
⚫ 
降本提效，销售网络改革。自2021 年7 月开始，公司对销售网络进行改
革，以求精简提效。精简方面，公司销售人员由17138 人优化为13208 人，
并对销售团队进行整合，2021 全年和2022Q1，公司销售费用分别同比下
降了4.27%和24.53%；提效方面，公司将重心转移到创新药品的推广，对
销售团队和产品推广进行优化，同时对销售团队考核进行优化，提高了销
售团队的人均单产。公司针对销售体系进行改革，在降低成本的同时，提
升自身销售效率，长期来看成本管控能力有望持续提升。 
⚫ 
投资建议：我们预计公司2022-2024 年摊薄后的EPS 分别为0.69 元、0.82
元和0.91 元，对应的动态市盈率分别为42.93 倍、36.07 倍和32.62 倍。
恒瑞医药作为我国创新药企业龙头，研发布局合理、全面，产品管线有望
持续丰富，维持买入评级。 
⚫ 
风险提示：政策风险、研发风险、创新药推进低于预期 
 
 
 
2 
[恒瑞医药（600276）公司点评报告] 
中航证券研究所发布     证券研究报告               
请务必阅读正文之后的免责声明部分 
 
图表1：盈利预测表 
  
资料来源：iFinD、中航证券研究所 
报表预测
单位:百万元
会计年度
2019
2020
2021
2022E
2023E
2024E
利润表
        营业收入
23,288.58
27,734.60
25,905.53
25,629.99
28,330.66
31,346.21
    减: 营业成本
2,912.94
3,348.69
3,741.80
3,497.00
4,003.59
4,553.94
        税金及附加
216.34
256.96
201.81
199.66
220.70
244.19
        主营业务利润
20,159.29
24,128.95
21,961.92
21,933.33
24,106.38
26,548.09
    减: 销售费用
8,524.97
9,802.52
9,383.71
9,226.80
9,972.39
10,971.17
        管理费用
2,241.18
3,066.66
2,860.31
2,793.67
3,031.38
3,322.70
        研发费用
3,896.34
4,988.96
5,943.31
5,894.90
6,275.24
6,896.17
        财务费用
-133.82 
-181.74 
-337.96 
-50.39 
-69.90 
-89.80 
        经营性利润
5,630.63
6,452.55
4,112.56
4,068.36
4,897.26
5,447.85
    加: 资产减值损失
-5.47 
-7.28 
-13.86 
0.00
0.00
0.00
        信用减值损失
-13.23 
-6.70 
4.05
-5.58 
-6.17 
-6.83 
        其他经营损益
0.00
-0.00 
0.00
0.00
0.00
0.00
        投资收益
309.27
341.42
213.43
216.90
216.33
216.04
        公允价值变动损益
37.53
16.50
36.23
0.00
0.00
0.00
        资产处置收益
1.24
2.98
3.37
2.89
3.06
3.06
        其他收益
189.71
207.59
309.04
255.33
265.28
269.26
        营业利润
6,149.68
7,007.07
4,664.82
4,537.90
5,375.76
5,929.37
    加: 其他非经营损益
0.00
0.00
0.00
0.00
0.00
0.00
        营业外收入
0.81
1.07
2.22
1.60
1.72
1.76
    减: 营业外支出
94.73
112.66
200.73
153.71
162.54
165.96
        利润总额
6,055.76
6,895.48
4,466.31
4,385.80
5,214.94
5,765.18
    减: 所得税
729.31
586.59
-17.72 
-0.00 
-0.00 
-0.00 
        净利润
5,326.45
6,308.89
4,484.03
4,385.80
5,214.94
5,765.18
    减: 少数股东损益
-1.58 
-19.49 
-46.19 
-27.32 
-36.84 
-42.23 
        归属母公司股东净利润
5,328.03
6,328.38
4,530.22
4,413.12
5,251.78
5,807.41
资产负债表
        货币资金
5,043.65
10,804.67
13,630.82
18,925.77
23,872.57
29,367.41
        交易性金融资产
8,519.80
5,628.00
5,090.35
5,090.35
5,090.35
5,090.35
        应收票据
528.56
0.00
1,081.03
550.41
608.41
673.17
        应收账款
4,906.25
8,175.72
5,802.90
6,232.00
6,888.68
7,621.92
        预付账款
591.16
562.11
973.02
710.91
785.82
869.46
        其他应收款
894.38
651.15
658.00
745.68
824.25
911.99
        存货
1,606.81
1,778.06
2,402.67
2,010.42
2,301.66
2,618.05
        其他流动资产
220.71
450.32
548.95
400.72
442.94
490.09
        长期股权投资
60.00
60.00
192.83
189.36
185.31
180.97
        金融资产投资
539.43
1,442.46
807.86
807.86
807.86
807.86
        投资性房地产
0.00
0.00
0.00
0.00
0.00
0.00
        固定资产和在建工程
4,074.80
4,585.24
6,275.60
6,267.24
5,942.45
5,375.12
        无形资产和开发支出
349.76
341.25
702.44
621.47
533.29
437.88
        其他非流动资产
221.18
250.60
1,099.75
945.05
790.36
790.36
        资产总计
27,556.48
34,729.59
39,266.22
43,497.25
49,073.95
55,234.62
        短期借款
0.00
0.00
0.00
0.00
0.00
0.00
        交易性金融负债
0.00
0.00
0.00
0.00
0.00
0.00
        应付票据
0.00
106.49
465.64
182.13
208.51
237.17
        应付账款
1,289.25
1,326.25
1,787.14
1,534.32
1,756.58
1,998.05
        预收账款
222.64
0.00
0.00
81.67
90.28
99.89
        合同负债
0.00
358.06
219.55
182.70
201.95
223.45
        其他应付款
960.75
1,972.61
914.15
1,355.90
1,552.32
1,765.71
        长期借款
0.00
0.00
151.59
119.74
86.18
52.73
        其他负债
146.31
179.19
156.35
148.95
149.62
150.50
        负债合计
2,618.95
3,942.59
3,694.41
3,605.42
4,045.45
4,527.50
        股本
4,422.81
5,331.72
6,396.01
6,396.01
6,396.01
6,396.01
        资本公积
1,662.97
3,142.83
3,356.18
3,356.18
3,356.18
3,356.18
        留存收益
18,689.54
22,029.76
25,250.76
29,598.11
34,771.61
40,492.47
        归属母公司股东权益
24,775.32
30,504.30
35,002.96
39,350.31
44,523.81
50,244.66
        少数股东权益
162.20
282.70
568.85
541.52
504.69
462.46
        股东权益合计
24,937.53
30,787.00
35,571.81
39,891.83
45,028.50
50,707.12
        负债和股东权益合计
27,556.48
34,729.59
39,266.22
43,497.25
49,073.95
55,234.62
        投入资本(IC)
15,878.30
23,716.53
26,556.58
25,439.59
26,676.16
28,032.72
现金流量表
        资本支出
484.89
529.65
1,694.34
800.00
600.00
500.00
        自由现金流
8,487.40
2,831.78
3,662.38
5,597.93
4,061.90
4,475.26
        短期借款增加
0.00
0.00
0.00
0.00
0.00
0.00
        长期带息债务增加
0.00
0.00
151.59
-31.84 
-33.56 
-33.45 
        股权筹资额
0.00
0.00
0.00
        支付普通股股利
115.66
145.58
0.00
65.77
78.27
86.55
        长期投资
-1,385.29 
2,348.60
1,102.26
204.26
200.97
198.79
        经营性现金净流量
3,816.83
3,431.93
4,218.82
5,935.03
5,384.70
5,823.19
        投资性现金净流量
-1,945.44 
1,797.83
-546.26 
-592.86 
-395.97 
-298.15 
        筹资性现金净流量
-718.51 
291.19
-998.32 
-47.22 
-41.93 
-30.20 
        现金流量净额
1,165.19
5,431.87
2,657.36
5,294.95
4,946.80
5,494.84
        货币资金的期初余额
3,865.73
5,030.92
10,462.79
13,630.82
18,925.77
23,872.57
        货币资金的期末余额
5,043.65
10,804.67
13,630.82
18,925.77
23,872.57
29,367.41
        企业自由现金流
8,487.40
2,831.78
3,662.38
5,597.93
4,061.90
4,475.26
        权益自由现金流
8,605.10
2,998.06
4,153.27
5,616.68
4,098.51
4,531.97
 
 
3 
[恒瑞医药（600276）公司点评报告] 
中航证券研究所发布     证券研究报告               
请务必阅读正文之后的免责声明部分 
投资评级定义 
我们设定的上市公司投资评级如下： 
买入 
：未来六个月的投资收益相对沪深300指数涨幅10%以上。 
持有 
：未来六个月的投资收益相对沪深300指数涨幅-10%~10%之间 
卖出 
：未来六个月的投资收益相对沪深300指数跌幅10%以上。 
 
我们设定的行业投资评级如下： 
增持 
：未来六个月行业增长水平高于同期沪深300指数。 
中性 
：未来六个月行业增长水平与同期沪深300指数相若。 
减持 
：未来六个月行业增长水平低于同期沪深300指数。 
 
分析师简介 
沈文文，CFA，SAC 执业证书号：S0640513070003， 2011 年7 月加入中航证券金融研究所。 
 
分析师承诺 
负责本研究报告全部或部分内容的每一位证券分析师，在此申明，本报告清晰、准确地反映了分析师本人
的研究观点。本人薪酬的任何部分过去不曾与、现在不与，未来也将不会与本报告中的具体推荐或观点直
接或间接相关。 
 
 
风险提示：投资者自主作出投资决策并自行承担投资风险，任何形式的分享证券投资收益或者分担证券投
资损失的书面或口头承诺均为无效。 
 
 
 
 
 
 
 
 
 
 
 
 
 
 
 
 
 
 
 免责声明： 
本报告并非针对意图送发或为任何就送发、发布、可得到或使用本报告而使中航证券有限公司及其关联公司违反当地的
法律或法规或可致使中航证券受制于法律或法规的任何地区、国家或其它管辖区域的公民或居民。除非另有显示，否则此报
告中的材料的版权属于中航证券。未经中航证券事先书面授权，不得更改或以任何方式发送、复印本报告的材料、内容或其
复印本给予任何其他人。 
本报告所载的资料、工具及材料只提供给阁下作参考之用，并非作为或被视为出售或购买或认购证券或其他金融票据的
邀请或向他人作出邀请。中航证券未有采取行动以确保于本报告中所指的证券适合个别的投资者。本报告的内容并不构成对
任何人的投资建议，而中航证券不会因接受本报告而视他们为客户。 
本报告所载资料的来源及观点的出处皆被中航证券认为可靠，但中航证券并不能担保其准确性或完整性。中航证券不对
因使用本报告的材料而引致的损失负任何责任，除非该等损失因明确的法律或法规而引致。投资者不能仅依靠本报告以取代
行使独立判断。在不同时期，中航证券可发出其它与本报告所载资料不一致及有不同结论的报告。本报告及该等报告仅反映
报告撰写日分析师个人的不同设想、见解及分析方法。为免生疑，本报告所载的观点并不代表中航证券及关联公司的立场。 
中航证券在法律许可的情况下可参与或投资本报告所提及的发行人的金融交易，向该等发行人提供服务或向他们要求给
予生意，及或持有其证券或进行证券交易。中航证券于法律容许下可于发送材料前使用此报告中所载资料或意见或他们所依
据的研究或分析。 
 
