 
 
 
 
银行 | 证券研究报告 — 业绩评论 
2023 年11 月1 日 
  
601169.SH 
增持 
原评级：增持 
市场价格:人民币4.56 
板块评级:强于大市 
 
本报告要点 
 
量&价回升，改善可期 
股价表现 
 
(%) 
今年
至今 
1 
个月 
3 
个月 
12 
个月 
绝对 
6.3 
(1.5) (2.4) 
12.9 
相对上证综指 
9.4 
1.4 
5.9 
8.5 
 
发行股数 (百万) 
21,142.98
流通股 (百万) 
21,142.98
总市值 (人民币 百万) 
96,412.01
3 个月日均交易额 (人民币 百万) 
254.37
主要股东 
荷兰安智银行股份有限公司 
13.03
资料来源：公司公告，Wind，中银证券 
以2023 年10 月31 日收市价为标准 
 
相关研究报告 
《北京银行》20230905 
《北京银行》20230504 
《北京银行》20230410 
 
中银国际证券股份有限公司 
具备证券投资咨询业务资格 
银行：城商行Ⅱ 
证券分析师：林媛媛 
(86755)82560524 
yuanyuan.lin@bocichina.com 
证券投资咨询业务证书编号：S1300521060001 
联系人：丁黄石 
huangshi.ding@bocichina.com 
一般证券业务证书编号：S1300122030036 
 
北京银行 
  
量&价回升，改善可期 
  
北京银行前3 季度归母净利润同比增长4.5%，营收同比下降3.2%，同比仍
略显压力。3 季度，息差环比上升，规模增长提速，存量风险持续出清。随
着公司历史包袱缓解，业绩压力将大幅缓解，零售、数字化转型成效或也将
逐步显现，财务表现或进一步提升。目前公司2023 年PB0.39X，股息率
7.1%，积极看好公司后续表现，维持对公司的增持评级。 
支撑评级的要点 
 
盈利、营收增速略缓 
北京银行前3 季度归母净利润同比增长4.5%，增速较上半年略缓0.4 个
百分点，营业收入同比下降3.2%，降幅较上半年扩大1.6 个百分点，业
绩同比贡献主要来自于规模和拨备，压力来自息差、成本。
ROAE11.05%，同比略降0.20 个百分点。3 季度末核心一级资本充足率
9.25%，同比下降71bp。 
 
测算3 季度息差环比回升，成本优势持续巩固  
前3 季度净利息收入同比下降3.8%，降幅较上半年略缓0.1 个百分点。
3 季度息收入边际改善，3 季度单季降幅为3.7%，降幅较上季度收窄0.7
个百分点。息差环比上升，测算3 季度单季净息差1.58%，环比上季度
上升7bp。测算3 季度生息资产收益率3.74%，环比升5bp，负债成本率
2.19%，环比降2bp，资产负债两端均对息差回升有贡献。其中负债端改
善源于公司业务核心存款占比提升，公司披露3 季度末对公核心存款占
比较年初提升7 个百分点，带动对公存款利率较年初下降11bp，持续巩
固成本优势。 
 
信贷规模增长提速，业务转型推动结构变化 
3 季度末公司总资产同比增15.3%，较半年末增速上升1.8 个百分点，其
中贷款同比增13.5%，增速半年末上升2.2 个百分点，债券投资同比增
长18.1%，增速亦提升，交易类同比增长22.7%，增速放缓。公司披露3
季度末对公贷款（不含贴现）较年初增长16.1%，个贷同比增长
12.1%，零售增长提速好于行业。零售端消费贷款增长迅速，消费贷款
占比 26.7%，同比上升 8.3 个百分点。公司普惠业务发力，3 季度末普惠
金融贷款较年初增长30.5%，贷款增量占比达到26.8%。3 季度存款同比
增10.6%，增速较半年略缓0.8 个百分点。 
 
其他非息贡献盈利 
前3 季度非息收入同比下降1.3%，其中手续费收入同比下降41.6%，其
他非息同比增长33.7%。 
 
资产质量持续改善，拨备保持平稳 
3 季度末不良率1.33%，环比稳降1bp，不良额环比略升0.4%。前3 季
度减值损失同比下降26.4%，资产质量改善带动拨备压力下降。3 季度
末拨备覆盖率215.23%，环比上季度下降2.42 个百分点；拨贷比
2.86%，环比下降4bp，贷款存量拨备边际略降。中报测算，公司非贷存
量拨备410 亿元，整体存量较高。 
估值 
 
根据公司3 季报业绩我们维持盈利预测，2023/2024 年EPS 为1.08/1.21
元，目前股价对应2023/2024 年PB 为0.39x/0.35x，维持增持评级。 
评级面临的主要风险 
 
经济下行、海外波动导致资产质量恶化超预期。 
 
投资摘要 
年结日: 12 月31 日 
2021 
2022 
2023E 
2024E 
2025E 
营业收入 
66,275  
66,276  
69,944  
76,882  
84,282  
变动 (%) 
3.07  
0.00  
5.53  
9.92  
9.62  
归母净利润 
22,226  
24,760  
26,083  
28,875  
32,781  
变动 (%) 
3.45  
11.40  
5.34  
10.71  
13.53  
每股收益(元) 
 1.02  
 1.02  
 1.08  
 1.21  
 1.40  
净资产收益率(%) 
10.62  
11.06  
10.87  
10.94  
11.12  
市盈率 (倍) 
4.47  
4.47  
4.21  
3.75  
3.26  
市净率 (倍) 
0.44  
0.42  
0.39  
0.35  
0.31  
资料来源：公司公告，中银证券预测 
(1%)
4%
9%
14%
19%
24%
Nov-22 
Dec-22 
Jan-23 
Feb-23 
Mar-23 
Apr-23 
May-23 
Jun-23 
Jul-23 
Aug-23 
Sep-23 
Oct-23 
北京银行 
上证综指 
2023 年11 月1 日 
北京银行 
2 
 
 
图表1. 北京银行2023 年3 季报摘要 
 
资料来源：公司公告，中银证券，除百分比外，其他为RMB 百万 
 
累积同比
季度环比
季度同比
3Q22
3Q23
YoY(%)
3Q22
4Q22
1Q23
2Q23
3Q23
QoQ(%)
YoY(%)
返回汇总指标
利润表（百万元）
返回目录
利息收入
84,467
89,306
5.7
28,465
27,982
29,009
29,561
30,736
4.0
8.0
利息支出
(45,436)
(51,761)
13.9
(15,016)
(15,555)
(16,475)
(17,504)
(17,782)
1.6
18.4
净利息收入
39,031
37,545
(3.8)
13,449
12,427
12,534
12,057
12,954
7.4
(3.7)
净手续费收入
5,749
3,358
(41.6)
1,468
1,317
1,382
1,126
850
(24.5)
(42.1)
净其他非息收入
6,610
8,836
33.7
2,530
1,142
2,487
3,828
2,521
(34.1)
(0.4)
净非利息收入
12,359
12,194
(1.3)
3,998
2,459
3,869
4,954
3,371
(32.0)
(15.7)
营业收入
51,390
49,739
(3.2)
17,447
14,886
16,403
17,011
16,325
(4.0)
(6.4)
税金及附加
(569)
(592)
4.0
(160)
(214)
(187)
(232)
(173)
(25.4)
8.1
业务及管理费
(12,172)
(13,915)
14.3
(4,858)
(5,427)
(4,501)
(3,817)
(5,597)
46.6
15.2
营业费用及营业税
(12,741)
(14,507)
13.9
(5,018)
(5,641)
(4,688)
(4,049)
(5,770)
42.5
15.0
营业外收入及其他费用
69
(77)
(211.6)
40
(34)
(18)
(30)
(29)
(3.3)
(172.5)
拨备前利润
38,718
35,155
(9.2)
12,469
9,211
11,697
12,932
10,526
(18.6)
(15.6)
资产减值损失
(17,117)
(12,605)
(26.4)
(6,030)
(3,793)
(3,111)
(5,521)
(3,973)
(28.0)
(34.1)
税前利润
21,601
22,550
4.4
6,439
5,418
8,586
7,411
6,553
(11.6)
1.8
所得税
(2,115)
(2,229)
5.4
(602)
26
(1,050)
(643)
(536)
(16.6)
(11.0)
税后利润
19,486
20,321
4.3
5,837
5,444
7,536
6,768
6,017
(11.1)
3.1
归母利润
19,361
20,233
4.5
5787
5399
7493
6745
5995
(11.1)
3.6
资产负债（百万元）
较年初(%)
生息资产
2,881,222
3,299,468
14.5
2,881,222
3,054,602
3,134,919
3,270,012
3,299,468
0.9
8.0
贷款总额
1,756,300
1,993,267
13.5
1,756,300
1,797,319
1,899,077
1,977,695
1,993,267
0.8
10.9
计息负债
2,809,966
3,267,801
16.3
2,809,966
2,984,582
3,115,476
3,234,312
3,267,801
1.0
9.5
存款
1,900,557
2,101,141
10.6
1,900,557
1,913,358
2,024,478
2,101,883
2,101,141
(0.0)
9.8
加权风险资产
2,244,828
2,573,788
14.7
2,244,828
2,352,106
2,431,083
2,534,999
2,573,788
1.5
9.4
业绩增长拆分
3Q22
3Q23
3Q22
4Q22
1Q23
2Q23
3Q23
规模增长
4.42
12.87
0.65
2.87
4.82
3.39
2.36
净息差扩大
(2.48)
(16.68)
6.00
(10.47)
(3.96)
(7.20)
5.08
非息收入
1.29
0.59
0.25
(7.08)
9.33
7.51
(11.47)
成本
(1.60)
(5.99)
(9.21)
(11.45)
16.80
6.85
(14.57)
拨备
3.44
13.60
(1.34)
10.27
31.48
(24.24)
7.03
税收
1.26
(0.11)
(3.12)
9.12
(20.04)
3.49
0.48
净息差
年累计同比
季度环比
单季度指标（年化）
QoQ(bp)
净息差-测算2
1.85
1.58
(0.27)
1.85
1.67
1.62
1.51
1.58
0.07
生息资产收益率-测算2
3.92
3.74
(0.18)
3.92
3.77
3.75
3.69
3.74
0.05
计息负债成本率-测算2
2.13
2.19
0.06
2.13
2.15
2.16
2.21
2.19
(0.02)
累计指标（年化）
年累计同比
净息差-公告
0.00
0.00
N.A.
0.00
1.76
0.00
1.54
0.00
净利差-公告
0.00
0.00
N.A.
0.00
1.71
0.00
1.54
0.00
净息差-测算2
1.80
1.57
(0.24)
1.80
1.77
1.62
1.56
1.57
生息资产收益率-测算2
3.90
3.73
(0.17)
3.90
3.87
3.75
3.72
3.73
计息负债成本率-测算2
2.18
2.18
0.01
2.18
2.17
2.16
2.18
2.18
规模
年累计同比
季度环比
QoQ(%)
季度环比
总资产
3183919
3672418
15.34
3183919
3387952
3502325
3632454
3672418
1.10
生息资产-期末时点
2881222
3299468
14.52
2881222
3054602
3134919
3270012
3299468
0.90
贷款总额--期末时点
1756300
1993267
13.49
1756300
1797319
1899077
1977695
1993267
0.79
债券投资计息-期末时点
785755
929443
18.29
785755
837773
888550
928719
929443
0.08
交易类-期末时点
258974
317663
22.66
258974
288618
315565
303758
317663
4.58
计息负债--期末时点
2809966
3267801
16.29
2809966
2984582
3115476
3234312
3267801
1.04
存款--期末时点
1900557
2101141
10.55
1900557
1913358
2024478
2101883
2101141
(0.04)
规模同比
总资产
4.15
15.34
4.15
10.76
11.54
13.50
15.34
生息资产
2.17
14.52
2.17
7.68
9.02
11.70
14.52
贷款总额
4.82
13.49
4.82
7.42
8.57
11.30
13.49
债券投资
1.08
18.08
1.08
5.24
13.81
16.73
18.08
交易类
28.27
22.66
28.27
51.15
41.57
29.38
22.66
计息负债
1.79
16.29
1.79
10.44
12.60
14.47
16.29
存款
11.07
10.55
11.07
10.99
8.37
11.34
10.55
结构占比
生息资产/总资产
90.49
89.84
(0.65)
90.49
90.16
89.51
90.02
89.84
(0.20)
贷款总额/生息资产
60.96
60.41
(0.55)
55.16
53.05
54.22
54.45
54.28
(0.31)
债券投资/生息资产
27.27
28.17
0.90
24.68
24.73
25.37
25.57
25.31
(1.01)
交易类/总资产
8.13
8.65
0.52
8.13
8.52
9.01
8.36
8.65
3.44
计息负债/生息资产
97.53
99.04
1.51
97.53
97.71
99.38
98.91
99.04
0.13
存款/计息负债
67.64
64.30
(3.34)
67.64
64.11
64.98
64.99
64.30
(1.06)
贷存比
92.41
94.87
2.46
92.41
93.94
93.81
94.09
94.87
0.82
手续费
季度环比
年累计
QoQ(%)
手续费
5,749
           
3,358
           
1,468
         
1,317
         
1,382
         
1,126
         
850
           
(24.51)
手续费占比
11.19
6.75
(4.44)
8.41
8.85
8.43
6.62
5.21
其他非息占比
12.86
17.76
4.90
14.50
7.67
15.16
22.50
15.44
投资收益
6,398
8,229
公允价值
84
501
资产质量和拨备
季度环比
不良贷款率
1.59
1.33
(0.26)
1.59
1.43
1.36
1.34
1.33
(0.01)
不良余额
27,898
26,510
(4.97)
27,898
25,712
25,827
26,410
26,510
0.38
不良生成率（年累计）
N.A.
N.A.
N.A.
0.75
N.A.
0.67
N.A. N.A.
单季度测算不良净生成率
N.A.
N.A.
0.80
0.55
0.13
0.77
0.76
(0.01)
测算仅供参考
关注类占比
N.A.
N.A.
N.A.
1.61
N.A.
1.50
N.A. N.A.
逾期占比
0.00%
0.00%
0.00
2.26
0.00
1.67
0.00
90天以内逾期贷款增速
0.00%
0.00%
17.41
(41.57)
相比上一个报告期增速（半年）
逾期/不良
0.00%
0.00%
0.00
158.00
0.00
125.20
0.00
90天以上逾期/不良
0.00%
0.00%
0.00
0.79
0.00
0.80
0.00
年累计核销-公告
N.A.
N.A.
0
10,906
0
5,320
0
信用成本-年累计
N.A.
N.A.
N.A.
0.77
N.A.
0.74
N.A.
资产减值损失/总资产
0.72
0.46
0.76
0.45
0.36
0.61
0.43
拨备覆盖率
200.25
215.23
14.98
200.25
210.04
217.01
217.65
215.23
(2.42)
拨备/贷款总额
3.18
2.86
(0.32)
3.18
3.00
2.95
2.91
2.86
(0.04)
拨备余额
55,866
         
57,058
         
55,866
       
54,005
       
56,048
       
57,482
       
57,058
       
成本和税收
季度环比
年累计
成本收入比(年累计)
23.69
27.98
4.29
成本收入比（单季度）
27.84
36.46
27.44
22.44
34.28
费用增速
46.63
有效税率(年累计)
9.79
9.88
有效税率（单季度）
9.35
(0.48)
12.23
8.68
8.18
资本和盈利能力
季度环比
年累计同比
QoQ(bp)
核心一级资本充足率
9.96
9.25
(0.71)
9.96
9.54
9.55
9.19
9.25
0.06
一级资本充足率
13.44
12.28
(1.16)
13.44
12.86
12.76
12.27
12.28
0.01
资本充足率
14.62
13.46
(1.16)
14.62
14.04
13.94
13.46
13.46
0.00
融资进度
ROAA-公布
0.82
0.76
(0.06)
0.82
0.77
0.88
0.81
0.76
(0.05)
ROAE-公布
11.25
11.05
(0.20)
11.25
9.60
12.76
11.58
11.05
(0.53)
RORWA-计算
1.16
1.06
(0.10)
1.16
1.08
1.26
1.15
1.06
(0.09)
2023 年11 月1 日 
北京银行 
3 
 
 
 
主要比率（%） 
 财务报表(人民币 百万元) 
每股指标 (RMB) 
2021 
2022 
2023E 
2024E 
2025E 
 利润表 
2021 
2022 
2023E 
2024E 
2025E 
PE 
4.47  
4.47  
4.21  
3.75  
3.26   利息收入 
114,164  
112,449  
121,736  
132,607  
144,717  
PB 
0.44  
0.42  
0.39  
0.35  
0.31   利息支出 
(62,767) 
(60,991) 
(67,237) 
(72,945) 
(79,641) 
 
 
 
 
 
 净利息收入 
51,397  
51,458  
54,498  
59,663  
65,076  
EPS 
1.02  
1.02  
1.08  
1.21  
1.40   手续费净收入 
5,990  
7,066  
4,593  
5,282  
6,074  
BVPS 
10.27  
10.91  
11.79  
13.17  
14.73   营业收入 
66,275  
66,276  
69,944  
76,882  
84,282  
 
 
 
 
 
 业务及管理费 
(16,543) 
(17,599) 
(18,185) 
(19,989) 
(21,913) 
每股拨备前利润 
2.31  
2.27  
2.41  
2.65  
2.91   拨备前利润 
48,785  
47,929  
51,004  
56,084  
61,505  
驱动性因素(%) 
 
 
 
 
 
 拨备 
(23,607) 
(20,910) 
(21,496) 
(23,417) 
(24,419) 
生息资产增长 
5.00  
10.42  
8.95  
9.33  
9.54   税前利润 
25,178  
27,019  
29,508  
32,667  
37,086  
贷款增长 
6.73  
7.42  
8.00  
8.00  
8.00   税后利润 
22,392  
24,930  
26,262  
29,074  
33,006  
存款增长 
4.09  
10.99  
9.00  
9.00  
9.00   归属母公司净利 
22,226  
24,760  
26,083  
28,875  
32,781  
贷款收益率 
4.56  
4.33  
4.25  
4.25  
4.25   资产负债表 
 
 
 
 
 
生息资产收益率 
3.86  
3.53  
3.49  
3.48  
3.47   贷款总额 
1,673,238  
1,797,319  1,941,105  2,096,393  
2,264,104  
存款付息率 
1.94  
2.01  
2.03  
2.01  
2.01   贷款减值准备 
(50,707) 
(54,005) 
(62,646) 
(72,446) 
(82,778) 
计息负债付息率 
2.36  
2.14  
2.15  
2.14  
2.14   贷款净额 
1,627,821  
1,749,107  1,878,459  2,023,947  
2,181,327  
净息差 
1.74  
1.62  
1.56  
1.57  
1.56   债券投资 
987,058  
1,126,391  1,285,392  1,466,838  
1,673,897  
风险成本 
1.46  
1.20  
1.15  
1.16  
1.12   存放央行 
159,440  
160,603  
169,973  
185,271  
201,945  
净手续费增速 
(0.40) 
0.12  
5.91  
9.48  
9.07   同业资产 
207,195  
257,993  
245,093  
232,839  
221,197  
成本收入比 
24.96  
26.55  
26.00  
26.00  
26.00   其他资产 
77,445  
93,858  
74,017  
78,030  
75,878  
所得税税率 
11.07  
7.73  
11.00  
11.00  
11.00   生息资产 
3,026,931  
3,342,306  3,641,563  3,981,340  
4,361,143  
盈利及杜邦分析(%) 
 
 
 
 
 
 资产总额 
3,058,959  
3,387,952  3,652,934  3,986,924  
4,354,243  
ROAA 
0.75  
0.77  
0.75  
0.76  
0.79   
 
 
 
 
 
ROAE 
10.62  
11.06  
10.87  
10.94  
11.12   存款 
1,723,837  
1,913,358  2,085,560  2,273,261  
2,477,854  
净利息收入 
1.73  
1.60  
1.55  
1.56  
1.56   同业负债 
594,597  
667,171  
747,232  
836,899  
937,327  
非净利息收入 
0.50  
0.46  
0.44  
0.45  
0.46   发行债券 
384,003  
404,053  
424,256  
445,468  
467,742  
营业收入 
2.22  
2.06  
1.99  
2.01  
2.02   计息负债 
2,702,437  
2,984,582  3,257,047  3,555,628  
3,882,923  
营业支出 
0.58  
0.57  
0.54  
0.55  
0.55   负债总额 
2,761,881  
3,077,335  3,323,518  3,628,192  
3,962,167  
拨备前利润 
1.64  
1.49  
1.45  
1.47  
1.47   
 
 
 
 
 
拨备 
0.79  
0.65  
0.61  
0.61  
0.59   股本 
21,143  
21,143  
21,143  
21,143  
21,143  
税前利润 
0.85  
0.84  
0.84  
0.86  
0.89   资本公积 
43,882  
43,882  
43,882  
43,882  
43,882  
税收 
0.09  
0.06  
0.09  
0.09  
0.10   盈余公积 
22,095  
24,554  
27,144  
30,012  
33,268  
业绩年增长率(%) 
 
 
 
 
 
 一般风险准备 
35,335  
38,651  
41,357  
44,252  
47,349  
净利息收入 
(0.40) 
0.12  
5.91  
9.48  
9.07   未分配利润 
92,902  
102,155  
115,544  
138,855  
165,508  
营业收入 
3.07  
0.00  
5.53  
9.92  
9.62   股东权益 
297,078  
310,617  
329,417  
358,732  
392,077  
拨备前利润 
(1.05) 
(1.75) 
6.41  
9.96  
9.66   
 
 
 
 
 
归属母公司利润 
3.45  
11.40  
5.34  
10.71  
13.53   资本状况(%) 
 
 
 
 
 
资产质量(%) 
 
 
 
 
 
 资本充足率 
14.63  
14.04  
16.96  
19.83  
22.39  
不良率 
1.44  
1.43  
1.40  
1.34  
1.32   核心一级资本 
9.86  
9.54  
9.36  
9.55  
9.78  
拨备覆盖率 
210.24  210.05  230.03  257.13  277.68   杠杆率 
10.30  
10.91  
11.09  
11.11  
11.11  
拨贷比 
3.03  
3.00  
3.23  
3.46  
3.66   RORWA 
1.05  
1.10  
1.08  
1.12  
1.18  
不良净生成率（测算） 
1.02  
0.75  
0.80  
0.75  
0.75   风险加权系数 
71.02  
69.43  
68.90  
67.54  
66.18  
资料来源：公司公告，中银证券预测 
 资料来源：公司公告，中银证券预测 
 
2023 年11 月1 日 
北京银行 
4 
 
 
披露声明 
本报告准确表述了证券分析师的个人观点。该证券分析师声明，本人未在公司内、外部机构兼任有损本人独立性与客
观性的其他职务，没有担任本报告评论的上市公司的董事、监事或高级管理人员；也不拥有与该上市公司有关的任何
财务权益；本报告评论的上市公司或其它第三方都没有或没有承诺向本人提供与本报告有关的任何补偿或其它利益。 
中银国际证券股份有限公司同时声明，将通过公司网站披露本公司授权公众媒体及其他机构刊载或者转发证券研究报
告有关情况。如有投资者于未经授权的公众媒体看到或从其他机构获得本研究报告的，请慎重使用所获得的研究报告，
以防止被误导，中银国际证券股份有限公司不对其报告理解和使用承担任何责任。 
评级体系说明 
以报告发布日后公司股价/行业指数涨跌幅相对同期相关市场指数的涨跌幅的表现为基准： 
公司投资评级： 
买    入：预计该公司股价在未来6-12 个月内超越基准指数20%以上； 
增    持：预计该公司股价在未来6-12 个月内超越基准指数10%-20%； 
中    性：预计该公司股价在未来6-12 个月内相对基准指数变动幅度在-10%-10%之间； 
减    持：预计该公司股价在未来6-12 个月内相对基准指数跌幅在10%以上； 
未有评级：因无法获取必要的资料或者其他原因，未能给出明确的投资评级。 
 
行业投资评级： 
强于大市：预计该行业指数在未来6-12 个月内表现强于基准指数； 
中    性：预计该行业指数在未来6-12 个月内表现基本与基准指数持平； 
弱于大市：预计该行业指数在未来6-12 个月内表现弱于基准指数； 
未有评级：因无法获取必要的资料或者其他原因，未能给出明确的投资评级。 
 
沪深市场基准指数为沪深300 指数；新三板市场基准指数为三板成指或三板做市指数；香港市场基准指数为恒生指数
或恒生中国企业指数；美股市场基准指数为纳斯达克综合指数或标普500 指数。 
 
 
 
 
风险提示及免责声明 
本报告由中银国际证券股份有限公司证券分析师撰写并向特定客户发布。 
本报告发布的特定客户包括：1) 基金、保险、QFII、QDII 等能够充分理解证券研究报告，
具备专业信息处理能力的中银国际证券股份有限公司的机构客户；2) 中银国际证券股份有
限公司的证券投资顾问服务团队，其可参考使用本报告。中银国际证券股份有限公司的证
券投资顾问服务团队可能以本报告为基础，整合形成证券投资顾问服务建议或产品，提供
给接受其证券投资顾问服务的客户。 
中银国际证券股份有限公司不以任何方式或渠道向除上述特定客户外的公司个人客户提供
本报告。中银国际证券股份有限公司的个人客户从任何外部渠道获得本报告的，亦不应直
接依据所获得的研究报告作出投资决策；需充分咨询证券投资顾问意见，独立作出投资决
策。中银国际证券股份有限公司不承担由此产生的任何责任及损失等。 
本报告内含保密信息，仅供收件人使用。阁下作为收件人，不得出于任何目的直接或间接
复制、派发或转发此报告全部或部分内容予任何其他人，或将此报告全部或部分内容发表。
如发现本研究报告被私自刊载或转发的，中银国际证券股份有限公司将及时采取维权措施，
追究有关媒体或者机构的责任。所有本报告内使用的商标、服务标记及标记均为中银国际
证券股份有限公司或其附属及关联公司（统称“中银国际集团”）的商标、服务标记、注册
商标或注册服务标记。 
本报告及其所载的任何信息、材料或内容只提供给阁下作参考之用，并未考虑到任何特别
的投资目的、财务状况或特殊需要，不能成为或被视为出售或购买或认购证券或其它金融
票据的要约或邀请，亦不构成任何合约或承诺的基础。中银国际证券股份有限公司不能确
保本报告中提及的投资产品适合任何特定投资者。本报告的内容不构成对任何人的投资建
议，阁下不会因为收到本报告而成为中银国际集团的客户。阁下收到或阅读本报告须在承
诺购买任何报告中所指之投资产品之前，就该投资产品的适合性，包括阁下的特殊投资目
的、财务状况及其特别需要寻求阁下相关投资顾问的意见。 
尽管本报告所载资料的来源及观点都是中银国际证券股份有限公司及其证券分析师从相信
可靠的来源取得或达到，但撰写本报告的证券分析师或中银国际集团的任何成员及其董事、
高管、员工或其他任何个人（包括其关联方）都不能保证它们的准确性或完整性。除非法
律或规则规定必须承担的责任外，中银国际集团任何成员不对使用本报告的材料而引致的
损失负任何责任。本报告对其中所包含的或讨论的信息或意见的准确性、完整性或公平性
不作任何明示或暗示的声明或保证。阁下不应单纯依靠本报告而取代个人的独立判断。本
报告仅反映证券分析师在撰写本报告时的设想、见解及分析方法。中银国际集团成员可发
布其它与本报告所载资料不一致及有不同结论的报告，亦有可能采取与本报告观点不同的
投资策略。为免生疑问，本报告所载的观点并不代表中银国际集团成员的立场。 
本报告可能附载其它网站的地址或超级链接。对于本报告可能涉及到中银国际集团本身网
站以外的资料，中银国际集团未有参阅有关网站，也不对它们的内容负责。提供这些地址
或超级链接（包括连接到中银国际集团网站的地址及超级链接）的目的，纯粹为了阁下的
方便及参考，连结网站的内容不构成本报告的任何部份。阁下须承担浏览这些网站的风险。 
本报告所载的资料、意见及推测仅基于现状，不构成任何保证，可随时更改，毋须提前通
知。本报告不构成投资、法律、会计或税务建议或保证任何投资或策略适用于阁下个别情
况。本报告不能作为阁下私人投资的建议。 
过往的表现不能被视作将来表现的指示或保证，也不能代表或对将来表现做出任何明示或
暗示的保障。本报告所载的资料、意见及预测只是反映证券分析师在本报告所载日期的判
断，可随时更改。本报告中涉及证券或金融工具的价格、价值及收入可能出现上升或下跌。 
部分投资可能不会轻易变现，可能在出售或变现投资时存在难度。同样，阁下获得有关投
资的价值或风险的可靠信息也存在困难。本报告中包含或涉及的投资及服务可能未必适合
阁下。如上所述，阁下须在做出任何投资决策之前，包括买卖本报告涉及的任何证券，寻
求阁下相关投资顾问的意见。 
中银国际证券股份有限公司及其附属及关联公司版权所有。保留一切权利。 
中银国际证券股份有限公司 
中国上海浦东 
银城中路200 号 
中银大厦39 楼 
邮编200121 
电话: (8621) 6860 4866 
传真: (8621) 5888 3554 
 
 
 
相关关联机构： 
 
中银国际研究有限公司 
香港花园道一号 
中银大厦二十楼 
电话:(852) 3988 6333 
致电香港免费电话: 
中国网通10 省市客户请拨打：10800 8521065 
中国电信21 省市客户请拨打：10800 1521065 
新加坡客户请拨打：800 852 3392 
传真:(852) 2147 9513 
 
中银国际证券有限公司 
香港花园道一号 
中银大厦二十楼 
电话:(852) 3988 6333 
传真:(852) 2147 9513 
 
中银国际控股有限公司北京代表处 
中国北京市西城区 
西单北大街110 号8 层 
邮编:100032 
电话: (8610) 8326 2000 
传真: (8610) 8326 2291 
 
中银国际(英国)有限公司 
2/F, 1 Lothbury 
London EC2R 7DB 
United Kingdom 
电话: (4420) 3651 8888 
传真: (4420) 3651 8877 
 
中银国际(美国)有限公司 
美国纽约市美国大道1045 号 
7 Bryant Park 15 楼 
NY 10018 
电话: (1) 212 259 0888 
传真: (1) 212 259 0889 
 
中银国际(新加坡)有限公司 
注册编号 199303046Z 
新加坡百得利路四号 
中国银行大厦四楼(049908) 
电话: (65) 6692 6829 / 6534 5587 
传真: (65) 6534 3996 / 6532 3371 
