 
⚫ 
⚫ 
⚫ 
⚫ 
⚫ 
⚫ 



 

 

 

 
 
 
 
9162.15 
13808.80 
20123.64 
28380.53 
52.40 
50.72 
45.73 
41.03 
1930.99 
2883.98 
4235.46 
5977.54 
52.87 
49.35 
46.86 
41.13 
63.72 
63.17 
62.58 
62.57 
0.83 
1.24 
1.82 
2.57 
192.59 
128.95 
87.80 
62.22 
 
 
18206.92 
22415.49 
29004.67 
37548.57 
9162.15 
13808.80 
20123.64 
28380.53 
8797.39 
11561.71 
13527.96 
15252.32 
3324.01 
5085.74 
7530.19 
10622.71 
2275.30 
3448.62 
4986.26 
7163.03 
118.05 
183.66 
283.74 
368.95 
26.77 
39.51 
54.78 
74.89 
175.51 
365.93 
595.66 
959.26 
1240.26 
2055.15 
3306.51 
4875.82 
141.85 
207.13 
563.46 
800.33 
5425.28 
4854.09 
6637.41 
9709.75 
-181.99 
-78.57 
-111.74 
-135.34 
441.91 
456.41 
491.75 
472.75 
-95.61 
-104.50 
-98.01 
-120.30 
10352.58 
10083.87 
9687.25 
9220.55 
0.00 
0.00 
0.00 
0.00 
0.00 
0.00 
0.00 
0.00 
6.80 
6.90 
8.05 
5.68 
537.09 
656.26 
649.89 
667.77 
2788.78 
3812.06 
4955.32 
6768.24 
4122.99 
3714.71 
3340.12 
2868.38 
0.99 
1.00 
1.05 
0.98 
5692.49 
5712.90 
5697.24 
5684.39 
5.35 
0.30 
0.41 
0.25 
28559.49 
32499.36 
38691.92 
46769.12 
2784.43 
3812.76 
4955.96 
6768.97 
4388.21 
5160.28 
7262.28 
9857.13 
67.47 
61.00 
59.47 
60.92 
1800.00 
1800.00 
1800.00 
1800.00 
2716.96 
3751.76 
4896.49 
6708.05 
735.37 
838.05 
1302.03 
1979.09 
785.97 
867.78 
661.03 
730.51 
1852.84 
2522.22 
4160.25 
6078.03 
1930.99 
2883.98 
4235.46 
5977.54 
1519.32 
1524.32 
1583.32 
1578.32 
4003.35 
5288.13 
6474.04 
8319.93 
898.90 
918.90 
943.90 
958.90 
0.83 
1.24 
1.82 
2.57 
620.42 
605.42 
639.42 
619.42 
5907.53 
6684.59 
8845.60 
11435.44 
2401.00 
3268.78 
3929.81 
4660.32 
52.40%
50.72%
45.73%
41.03%
20250.96 
22545.99 
25916.51 
30673.36 
66.04%
36.69%
29.99%
36.59%
28559.49 
32587.08 
38958.80 
47575.58 
52.87%
49.35%
46.86%
41.13%
63.72%
63.17%
62.58%
62.57%
21.08%
20.89%
21.05%
21.06%
977.08 
4652.89 
4023.70 
4190.25 
9.54%
12.79%
16.34%
19.49%
2716.96 
3751.76 
4896.49 
6708.05 
9.93%
12.79%
14.59%
17.17%
1403.36 
1553.93 
1629.82 
1686.30 
20.68%
20.57%
22.86%
24.45%
-40.91 
27.00 
27.00 
27.00 
-26.03%
-33.53%
-35.39%
-34.79%
-6.80 
-6.90 
-8.05 
-5.68 
4.15 
4.34 
3.99 
3.81 
-3171.31 
-784.49 
-2627.84 
-4354.99 
2.53 
2.92 
2.56 
2.28 
75.78 
111.60 
106.27 
129.57 
0.36 
0.45 
0.57 
0.66 
-3988.04 
-1277.63 
-1224.51 
-1213.19 
4.87 
4.82 
4.77 
4.67 
-945.25 
-1225.51 
-1186.66 
-1184.77 
6.29 
6.46 
7.04 
6.48 
0.00 
0.00 
0.00 
0.00 
0.83 
1.24 
1.82 
2.57 
-3042.80 
-52.12 
-37.85 
-28.42 
0.42 
2.00 
1.73 
1.80 
931.70 
-610.95 
-832.94 
-1252.69 
8.71 
9.70 
11.15 
13.20 
1450.00 
0.00 
0.00 
0.00 
192.59 
128.95 
87.80 
62.22 
40.00 
20.00 
25.00 
15.00 
18.36 
16.49 
14.35 
12.12 
-558.30 
-630.95 
-857.94 
-1267.69 
85.50 
68.69 
55.81 
43.22 
-2079.26 
2764.32 
1966.25 
1724.36 
40.59 
26.93 
18.48 
13.10 
 
 
 
