 
- 1 - 
敬请参阅最后一页特别声明 
 
 
 
 
 
市场价格（人民币）： 473.87 元 
长期竞争力评级：高于行业均值 
市场数据(人民币) 
已上市流通A 股(百万股) 
1,256.20 
总市值(百万元) 
595,274.45 
年内股价最高最低(元) 
477.96/288.41 
沪深300 指数 
3712.19 
上证指数 
3249.78 
 
相关报告 
1.《业绩再超预期，高端复苏最确定品种-贵
州茅台公司点评》，2017.4.25 
2.《价在量在，批价稳进有利拉长复苏周期-
贵州茅台公司点评》，2017.4.17 
3.《16 年收入超预期，17 年收入增速仍有
望上看20%一线-贵州茅...》，2016.12.25 
4.《复兴确定，不负众望-贵州茅台公司研
究》，2016.9.5 
 
于杰 
分析师 SAC 执业编号：S1130516070001 
yujie@gjzq.com.cn 
岳思铭 
分析师 SAC 执业编号：S1130516080006 
yuesiming@gjzq.com.cn 
申晟 
联系人 
(8621)60230204 
shensheng@gjzq.com.cn 
 
Q2 维持高速增长，龙头向上趋势不变 
 
公司基本情况(人民币) 
项目 
2015 
2016 
2017E 
2018E 
2019E 
摊薄每股收益(元) 
11.715 
13.309 
16.546 
19.496 
22.802 
每股净资产(元) 
50.89 
58.03 
66.74 
75.51 
85.78 
每股经营性现金流(元) 
13.87 
29.80 
13.96 
23.09 
21.07 
市盈率(倍) 
18.63 
25.11 
28.64 
24.31 
20.78 
行业优化市盈率(倍) 
17.07 
17.07 
17.07 
17.07 
17.07 
净利润增长率(%) 
0.06% 
13.61% 
24.32% 
17.83% 
16.96% 
净资产收益率(%) 
23.02% 
22.94% 
24.79% 
25.82% 
26.58% 
总股本(百万股) 
1,256.20 
1,256.20 
1,256.20 
1,256.20 
1,256.20 
来源：公司年报、国金证券研究所 
 
业绩简评 
 
贵州茅台公布2017 年半年报，报告期内公司实现营业收入241.90 亿元，同
比+33.11%；实现归母净利润11.25 亿元，同比+27.81%，折合EPS8.96
元。Q2 单季度实现营业收入108.81 亿元，同比+32.95%；实现归母净利润
51.28 亿元，同比+31.03%。预收账款177.80 亿元，环比Q1 末的189.88
亿元小幅减少12.08 亿元，亦符合市场判断。 
经营分析 
 
收入增速略超市场预期，预收款余额环比Q1 末小幅减少：H1 茅台酒实现
收入216.27 亿元，同比增长23.77%；Q2 单季度茅台酒实现收入92.61 亿
元。估算来看，财报口径下，茅台酒（包含非标茅台）上半年确认收入对应
销量约1.3 万吨左右，其中Q1 约7500 吨、Q2 约5500 吨。H1 系列酒实现
收入25.49 亿元，同比增长269%，超市场预期，超16 年全年规模；Q2 单
季度系列酒实现收入16.14 亿，环比Q1 旺季的9.35 亿提速显著。去年43
亿目标任务完成几乎无压力，50 亿力争目标完成概率也较大（下半年数据
一般都略高于上半年）。整体看收入端实现241.09 亿元，同比增长
33.11%，Q2 增速与Q1 基本一致，略好于市场大部分预期。从市场跟踪来
看，Q2 实际发货量应少于5500 吨，确认销售量高于实际发货量，因此Q2
末预收账款环比Q1 末减少了约12.08 亿元至177.80 亿元。这一预收款额
对应茅台酒的量约为700-750 吨，扣减后和Q2 市场实际出货量则基本匹
配。由于茅台今年实施了严格的预收款发货制度（经销商打款后一个月内必
须发货），因此公司接受经销商预收款并不激进，在Q2 整体控货的大背景
下，预收款的减少也符合我们前期报告中一直强调的“Q2 放水”的判断。 
 
系列酒占比大幅提升拉低毛利率，消费税率环比未见显著提升：上半年系列
酒实现超高速增长，尤其是二季度相比一季度提速更加显著（Q1 系列酒占
收入比重约7%，Q2 大幅上升提升至14.8%，相比16 年的5.5%提升显
著），半年收入超16 年全年，增速显著高于茅台酒业务23.77%的增速，因
此也小幅拉低公司上半年整体毛利率同比下降2.26ppt 至89.62%。Q2 单季
度销售毛利率87.74%，这也是近十年来的第二低水平（07Q3 的85.05%为
近十年最低）。税金及附加金额/营业收入方面，相比Q1 的14.83%，Q2 降
至13.29%。上半年消费税累计缴纳26.13 亿元，占收入比为10.80%，这一
水平同比去年H2 的16.55%显著降低。虽然无法拆分Q1/Q2 单季度消费
0
500
1,000
1,500
2,000
2,500
3,000
3,500
287.41
318.55
349.69
380.83
411.97
443.11
474.25
160728
161028
170128
170428
人民币(元) 
成交金额(百万元) 
成交金额 
贵州茅台 
国金行业 
沪深300 
 
2017 年07 月28 日 
贵州茅台 (600519.SH)      白酒行业 
评级：买入      维持评级   
公司点评 
证券研究报告 
用使箱邮收接告报司公限有理管金基资投业产信中供仅告报此
此报告仅供中信产业投资基金管理有限公司报告接收邮箱使用
公司点评 
- 2 - 
敬请参阅最后一页特别声明 
 
税，但由于总体税金及附加金额/收入比重Q2 环比Q1 仍下行，因此Q2 消
费税金额环比大幅攀升的可能性并不存在。Q2 整体期间费用率为12.33%，
环比、同比均有小幅改善（环比-2.29ppt，同比-1.36ppt），其中大部分来自
于管理费用率的降低。得益于17Q2 期间费用率与税金及附加比率均出现环
比走低，叠加Q2 毛利率的下降影响（环比-2.26ppt），Q2 单季度净利率环
比Q1 提升约1.36ppt 至50.54%，因此在两个季度增速接近持平的情况下，
Q2 单季度归母净利润约31%的增速高于Q1 的约25%。 
 
下半年批价博弈局面更加复杂，出货加速符合可持续发展：茅台批价上行周
期中，批价“淡季不淡”是常态属性。自16 年年初以来，茅台批价涨幅接
近600 元达到目前实际的1400 元左右，在茅台主动管控的大背景下用了约
一年半时间。而上一轮同样涨幅仅用了约一年时间，因此厂家主动管控、平
滑周期在一定程度上是起效的，尤其是在管控加强的今年春节后。Q2 出货
量实际低于先前预期的原因，我们判断是厂商于淡季更加倚重行政手段而旺
季则必须通过发货实现平抑批价，因此下半年出货加速是必然事件。由于目
前飞天批价实质上已超过企业限价，因此下半年批价博弈局面将更加复杂，
从可持续发展角度而言厂商平抑批价过快上涨的态度不会发生改变，但飞天
批价周期向上的方向短期内也同样不可能发生逆转。 
投资建议 
 
维持买入评级，高端复苏最确定品种：我们上调此前盈利预测，在不考虑提
价的基础上，预计17-19 年公司营业收入分别为515 亿元、610 亿元、707
亿元，同比增长28%、18%、16%，EPS 分别为16.55 元、19.50 元、
22.80 元，同比增长24% 、18% 、17% ，目前股价对应PE 为
29X/24X/21X，维持“买入”评级，给予目标价545 元，对应18 年
PE28X。 
风险提示 
 
批价大幅泡沫化/需求下滑 
 
 
 
 
公司点评 
- 3 - 
敬请参阅最后一页特别声明 
 
图表1：财务预测 
来源：公司公告，国金证券研究所 
 
 
 
 
损益表（人民币百万元）
资产负债表（人民币百万元）
2 0 1 4
2 0 1 5
2 0 1 6
2 0 1 7 E
2 0 1 8 E
2 0 1 9 E
2 0 1 4
2 0 1 5
2 0 1 6
2 0 1 7 E
2 0 1 8 E
2 0 1 9 E
主营业务收入
3 1 ,5 7 4
3 2 ,6 6 0
4 0 ,1 5 5
5 1 ,5 4 4
6 1 ,0 3 8
7 0 ,7 2 4
货币资金
2 7 ,7 1 1
3 6 ,8 0 1
6 6 ,8 5 5
7 2 ,8 0 0
8 6 ,5 6 0
9 5 ,4 5 2
    增长率
3 .4 %
2 3 .0 %
2 8 .4 %
1 8 .4 %
1 5 .9 %
应收款项
1 ,9 3 3
8 ,6 2 7
8 9 5
1 ,1 8 1
1 ,3 9 9
1 ,6 2 1
主营业务成本
-2 ,3 9 8
-2 ,6 1 2
-3 ,5 3 3
-5 ,1 5 4
-6 ,1 6 5
-7 ,1 7 8
存货
1 4 ,9 8 2
1 8 ,0 1 3
2 0 ,6 2 2
2 4 ,0 0 7
2 8 ,7 1 3
3 3 ,4 3 4
    % 销售收入
7 .6 %
8 .0 %
8 .8 %
1 0 .0 %
1 0 .1 %
1 0 .2 %
其他流动资产
2 ,9 4 5
1 ,5 6 3
1 ,8 0 8
2 ,2 5 8
2 ,5 5 1
2 ,8 4 5
毛利
2 9 ,1 7 6
3 0 ,0 4 7
3 6 ,6 2 2
4 6 ,3 8 9
5 4 ,8 7 3
6 3 ,5 4 5
流动资产
4 7 ,5 7 1
6 5 ,0 0 5
9 0 ,1 8 1
1 0 0 ,2 4 6
1 1 9 ,2 2 3
1 3 3 ,3 5 2
    % 销售收入
9 2 .4 %
9 2 .0 %
9 1 .2 %
9 0 .0 %
8 9 .9 %
8 9 .9 %
    % 总资产
7 2 .2 %
7 5 .3 %
7 9 .9 %
8 1 .1 %
8 3 .4 %
8 4 .7 %
营业税金及附加
-2 ,7 8 9
-3 ,4 4 9
-6 ,5 0 9
-8 ,2 9 9
-9 ,8 2 7
-1 1 ,3 8 7
长期投资
6 4
2 9
2 9
3 4
3 4
3 4
    % 销售收入
8 .8 %
1 0 .6 %
1 6 .2 %
1 6 .1 %
1 6 .1 %
1 6 .1 %
固定资产
1 3 ,8 2 9
1 6 ,3 3 2
1 7 ,2 6 0
1 7 ,8 7 1
1 8 ,3 8 6
1 8 ,8 0 2
营业费用
-1 ,6 7 5
-1 ,4 8 5
-1 ,6 8 1
-2 ,1 5 7
-2 ,5 7 6
-2 ,9 9 9
    % 总资产
2 1 .0 %
1 8 .9 %
1 5 .3 %
1 4 .5 %
1 2 .9 %
1 1 .9 %
    % 销售收入
5 .3 %
4 .5 %
4 .2 %
4 .2 %
4 .2 %
4 .2 %
无形资产
3 ,5 8 8
3 ,7 8 1
3 ,7 2 0
3 ,6 5 3
3 ,5 9 5
3 ,5 4 2
管理费用
-3 ,3 7 8
-3 ,8 1 3
-4 ,1 8 7
-5 ,2 3 7
-6 ,2 8 7
-7 ,2 8 5
非流动资产
1 8 ,3 0 2
2 1 ,2 9 7
2 2 ,7 5 4
2 3 ,3 0 4
2 3 ,7 6 0
2 4 ,1 2 4
    % 销售收入
1 0 .7 %
1 1 .7 %
1 0 .4 %
1 0 .2 %
1 0 .3 %
1 0 .3 %
    % 总资产
2 7 .8 %
2 4 .7 %
2 0 .1 %
1 8 .9 %
1 6 .6 %
1 5 .3 %
息税前利润（E B IT ）
2 1 ,3 3 4
2 1 ,3 0 0
2 4 ,2 4 5
3 0 ,6 9 7
3 6 ,1 8 3
4 1 ,8 7 5
资产总计
6 5 ,8 7 3
8 6 ,3 0 1
1 1 2 ,9 3 5
1 2 3 ,5 5 0
1 4 2 ,9 8 3
1 5 7 ,4 7 7
    % 销售收入
6 7 .6 %
6 5 .2 %
6 0 .4 %
5 9 .6 %
5 9 .3 %
5 9 .2 %
短期借款
6 3
0
0
0
0
0
财务费用
1 2 3
6 7
3 3
3 5
4 0
4 6
应付款项
3 ,4 1 6
1 0 ,5 6 6
2 0 ,3 0 6
2 6 ,8 6 5
3 1 ,8 6 1
3 6 ,9 3 5
    % 销售收入
-0 .4 %
-0 .2 %
-0 .1 %
-0 .1 %
-0 .1 %
-0 .1 %
其他流动负债
7 ,0 6 6
9 ,4 8 6
1 6 ,7 1 4
8 ,1 5 4
9 ,5 8 4
4 ,1 2 2
资产减值损失
0
1
-1 2
0
0
0
流动负债
1 0 ,5 4 4
2 0 ,0 5 2
3 7 ,0 2 0
3 5 ,0 2 0
4 1 ,4 4 5
4 1 ,0 5 7
公允价值变动收益
0
0
0
0
0
0
长期贷款
0
0
0
0
0
1
投资收益
3
4
0
0
0
0
其他长期负债
1 8
1 6
1 6
0
0
0
    % 税前利润
0 .0 %
0 .0 %
0 .0 %
0 .0 %
0 .0 %
0 .0 %
负债
1 0 ,5 6 2
2 0 ,0 6 7
3 7 ,0 3 6
3 5 ,0 2 0
4 1 ,4 4 5
4 1 ,0 5 8
营业利润
2 1 ,4 6 0
2 1 ,3 7 2
2 4 ,2 6 6
3 0 ,7 3 2
3 6 ,2 2 3
4 1 ,9 2 1
普通股股东权益
5 3 ,4 3 0
6 3 ,9 2 6
7 2 ,8 9 4
8 3 ,8 4 1
9 4 ,8 6 2
1 0 7 ,7 5 2
  营业利润率
6 8 .0 %
6 5 .4 %
6 0 .4 %
5 9 .6 %
5 9 .3 %
5 9 .3 %
少数股东权益
1 ,8 8 1
2 ,3 0 8
3 ,0 0 4
4 ,6 9 0
6 ,6 7 5
8 ,6 6 7
营业外收支
-2 2 1
-1 5 7
-3 0 8
-1 6 0
-2 0 0
-2 4 0
负债股东权益合计
6 5 ,8 7 3
8 6 ,3 0 1
1 1 2 ,9 3 5
1 2 3 ,5 5 0
1 4 2 ,9 8 3
1 5 7 ,4 7 7
税前利润
2 1 ,2 3 9
2 1 ,2 1 5
2 3 ,9 5 8
3 0 ,5 7 2
3 6 ,0 2 3
4 1 ,6 8 1
    利润率
6 7 .3 %
6 5 .0 %
5 9 .7 %
5 9 .3 %
5 9 .0 %
5 8 .9 %
比率分析
所得税
-5 ,6 1 3
-5 ,5 4 7
-6 ,0 2 7
-8 ,1 0 1
-9 ,5 4 6
-1 1 ,0 4 5
2 0 1 4
2 0 1 5
2 0 1 6
2 0 1 7 E
2 0 1 8 E
2 0 1 9 E
  所得税率
2 6 .4 %
2 6 .1 %
2 5 .2 %
2 6 .5 %
2 6 .5 %
2 6 .5 %
每股指标
净利润
1 5 ,6 2 6
1 5 ,6 6 8
1 7 ,9 3 1
2 2 ,4 7 0
2 6 ,4 7 7
3 0 ,6 3 6
每股收益
1 2 .8 7 8
1 1 .7 1 5
1 3 .3 0 9
1 6 .5 4 6
1 9 .4 9 6
2 2 .8 0 2
少数股东损益
9 2 0
9 5 2
1 ,2 1 2
1 ,6 8 5
1 ,9 8 6
1 ,9 9 1
每股净资产
4 6 .7 8 7
5 0 .8 8 8
5 8 .0 2 8
6 6 .7 4 2
7 5 .5 1 5
8 5 .7 7 6
归属于母公司的净利1 4 ,7 0 7
1 4 ,7 1 6
1 6 ,7 1 8
2 0 ,7 8 5
2 4 ,4 9 1
2 8 ,6 4 4
每股经营现金净流
1 1 .0 5 8
1 3 .8 7 5
2 9 .8 0 4
1 3 .9 6 0
2 3 .0 9 4
2 1 .0 7 3
    净利率
4 6 .6 %
4 5 .1 %
4 1 .6 %
4 0 .3 %
4 0 .1 %
4 0 .5 %
每股股利
4 .3 7 4
4 .3 7 4
6 .1 7 1
7 .6 7 2
1 0 .7 2 3
1 2 .5 4 1
回报率
现金流量表（人民币百万元）
净资产收益率
2 7 .5 2 %
2 3 .0 2 %
2 2 .9 4 %
2 4 .7 9 %
2 5 .8 2 %
2 6 .5 8 %
2 0 1 4
2 0 1 5
2 0 1 6
2 0 1 7 E
2 0 1 8 E
2 0 1 9 E
总资产收益率
2 2 .3 3 %
1 7 .0 5 %
1 4 .8 0 %
1 6 .8 2 %
1 7 .1 3 %
1 8 .1 9 %
净利润
1 6 ,2 6 9
1 6 ,4 5 5
1 7 ,9 3 1
2 2 ,4 7 0
2 6 ,4 7 7
3 0 ,6 3 6
投入资本收益率
2 8 .3 5 %
2 3 .7 5 %
2 3 .9 1 %
2 5 .4 9 %
2 6 .1 9 %
2 6 .4 4 %
少数股东损益
9 2 0
9 5 2
1 ,2 1 2
1 ,6 8 5
1 ,9 8 6
1 ,9 9 1
增长率
非现金支出
7 5 3
8 4 1
9 3 6
1 ,0 2 7
1 ,1 2 4
1 ,2 2 1
主营业务收入增长率
2 .1 1 %
3 .4 4 %
2 2 .9 5 %
2 8 .3 6 %
1 8 .4 2 %
1 5 .8 7 %
非经营收益
8 6
-3 3 8
-5 8 8
1 6 0
2 0 0
2 4 0
E B IT 增长率
0 .5 9 %
-0 .1 6 %
1 3 .8 3 %
2 6 .6 1 %
1 7 .8 7 %
1 5 .7 3 %
营运资金变动
-4 ,4 8 0
4 7 1
1 9 ,1 6 2
-6 ,1 2 0
1 ,2 0 9
-5 ,6 2 5
净利润增长率
-1 .8 8 %
0 .0 6 %
1 3 .6 1 %
2 4 .3 2 %
1 7 .8 3 %
1 6 .9 6 %
经营活动现金净流
1 2 ,6 2 9
1 7 ,4 3 0
3 7 ,4 4 0
1 7 ,5 3 7
2 9 ,0 1 0
2 6 ,4 7 2
总资产增长率
1 8 .7 9 %
3 1 .0 1 %
3 0 .8 6 %
9 .4 0 %
1 5 .7 3 %
1 0 .1 4 %
资本开支
-4 ,4 2 1
-2 ,0 5 3
-1 ,0 1 9
-1 ,7 3 2
-1 ,7 8 0
-1 ,8 2 6
资产管理能力
投资
-1 0
3 5
0
-6
0
0
应收账款周转天数
0 .0
0 .0
0 .0
0 .0
0 .0
0 .0
其他
-1 4 9
-3 1
-8 3
0
0
0
存货周转天数
2 ,0 4 1 .3
2 ,3 0 5 .0
1 ,9 9 5 .7
1 ,7 0 0 .0
1 ,7 0 0 .0
1 ,7 0 0 .0
投资活动现金净流
-4 ,5 8 0
-2 ,0 4 9
-1 ,1 0 3
-1 ,7 3 8
-1 ,7 8 0
-1 ,8 2 6
应付账款周转天数
7 5 .5
1 1 1 .0
9 9 .3
1 0 0 .0
1 0 0 .0
1 0 0 .0
股权募资
3 5
0
1 6
0
0
0
固定资产周转天数
1 1 9 .9
1 2 7 .6
1 3 1 .4
1 0 6 .0
9 2 .0
8 1 .0
债权募资
6 7
-5 6
0
-1 6
0
1
偿债能力
其他
-5 ,1 4 9
-5 ,5 4 8
-8 ,3 5 0
-9 ,8 3 8
-1 3 ,4 7 0
-1 5 ,7 5 4
净负债/ 股东权益
-4 9 .9 9 %
-5 5 .5 6 %
-8 8 .0 8 %
-8 2 .2 3 %
-8 5 .2 5 %
-8 1 .9 9 %
筹资活动现金净流
-5 ,0 4 7
-5 ,6 0 4
-8 ,3 3 4
-9 ,8 5 4
-1 3 ,4 7 0
-1 5 ,7 5 3
E B IT 利息保障倍数
-1 7 3 .2
-3 1 6 .7
-7 3 0 .8
-8 7 9 .2
-9 0 8 .2
-9 2 0 .3
现金净流量
3 ,0 0 2
9 ,7 7 6
2 8 ,0 0 3
5 ,9 4 5
1 3 ,7 6 0
8 ,8 9 3
资产负债率
1 6 .0 3 %
2 3 .2 5 %
3 2 .7 9 %
2 8 .3 4 %
2 8 .9 9 %
2 6 .0 7 %
公司点评 
- 4 - 
敬请参阅最后一页特别声明 
 
 
市场中相关报告评级比率分析 
日期 
一周内 
一月内 
二月内 
三月内 
六月内 
买入 
1 
4 
4 
4 
20 
增持 
2 
5 
5 
5 
8 
中性 
0 
0 
0 
0 
0 
减持 
0 
0 
0 
0 
0 
评分 
1.67 
1.56 
1.56 
1.56 
1.29 
来源：朝阳永续 
市场中相关报告评级比率分析说明： 
市场中相关报告投资建议为“买入”得1 分，为
“增持”得2 分，为“中性”得3 分，为“减持”得4
分，之后平均计算得出最终评分，作为市场平均投资建
议的参考。 
最终评分与平均投资建议对照： 
1.00  =买入； 1.01~2.0=增持 ； 2.01~3.0=中性 
3.01~4.0=减持 
 
历史推荐和目标定价(人民币) 
序号 
日期 
评级 
市价 
目标价 
1 
2016-09-05 
买入 
305.78 330.00～335.00 
2 
2016-12-25 
买入 
320.03 380.00～380.00 
3 
2017-04-17 
买入 
395.79 450.00～450.00 
4 
2017-04-25 
买入 
398.55 
N/A 
 
 
 
 
 
 
 
 
 
 
 
 
 
 
 
 
 
 
 
 
来源：国金证券研究所 
 
 
 
 
长期竞争力评级的说明： 
长期竞争力评级着重于企业基本面，评判未来两年后公司综合竞争力与所属行业上市公司均值比较结果。 
 
 
优化市盈率计算的说明： 
行业优化市盈率中，在扣除行业内所有亏损股票后，过往年度计算方法为当年年末收盘总市值与当年股 
票净利润总和相除，预期年度为报告提供日前一交易日收盘总市值与前一年度股票净利润总和相除。 
 
 
投资评级的说明： 
买入：预期未来6－12 个月内上涨幅度在15%以上； 
增持：预期未来6－12 个月内上涨幅度在5%－15%； 
中性：预期未来6－12 个月内变动幅度在 -5%－5%； 
减持：预期未来6－12 个月内下跌幅度在5%以上。 
 
0
500
1,000
1,500
2,000
169.64
217.92
266.20
314.48
362.76
411.04
459.32
150728
151028
160128
160428
160728
161028
170128
170428
成交量 
人民币(元) 
历史推荐与股价 
公司点评 
- 5 - 
敬请参阅最后一页特别声明 
 
 
  
上海 
北京 
深圳 
电话：021-60753903 
传真：021-61038200 
邮箱：researchsh@gjzq.com.cn 
邮编：201204 
地址：上海浦东新区芳甸路1088 号 
           紫竹国际大厦7 楼 
电话：010-66216979 
传真：010-66216793 
邮箱：researchbj@gjzq.com.cn 
邮编：100053 
地址：中国北京西城区长椿街3 号4 层 
电话：0755-83831378 
传真：0755-83830558 
邮箱：researchsz@gjzq.com.cn 
邮编：518000 
地址：中国深圳福田区深南大道4001 号 
           时代金融中心7BD 
 
 
特别声明：  
国金证券股份有限公司经中国证券监督管理委员会批准，已具备证券投资咨询业务资格。 
本报告版权归“国金证券股份有限公司”（以下简称“国金证券”）所有，未经事先书面授权，本报告的任何部分均
不得以任何方式制作任何形式的拷贝，或再次分发给任何其他人，或以任何侵犯本公司版权的其他方式使用。经过
书面授权的引用、刊发，需注明出处为“国金证券股份有限公司”，且不得对本报告进行任何有悖原意的删节和修
改。 
本报告的产生基于国金证券及其研究人员认为可信的公开资料或实地调研资料，但国金证券及其研究人员对这
些信息的准确性和完整性不作任何保证，对由于该等问题产生的一切责任，国金证券不作出任何担保。且本报告中
的资料、意见、预测均反映报告初次公开发布时的判断，在不作事先通知的情况下，可能会随时调整。 
客户应当考虑到国金证券存在可能影响本报告客观性的利益冲突，而不应视本报告为作出投资决策的唯一因
素。本报告亦非作为或被视为出售或购买证券或其他投资标的邀请。 
证券研究报告是用于服务机构投资者和投资顾问的专业产品，使用时必须经专业人士进行解读。国金证券建议
客户应考虑本报告的任何意见或建议是否符合其特定状况，以及（若有必要）咨询独立投资顾问。报告本身、报告
中的信息或所表达意见也不构成投资、法律、会计或税务的最终操作建议，国金证券不就报告中的内容对最终操作
建议做出任何担保。 
在法律允许的情况下，国金证券的关联机构可能会持有报告中涉及的公司所发行的证券并进行交易，并可能为
这些公司正在提供或争取提供多种金融服务。 
本报告反映编写分析员的不同设想、见解及分析方法，故本报告所载观点可能与其他类似研究报告的观点及市
场实际情况不一致，且收件人亦不会因为收到本报告而成为国金证券的客户。 
本报告仅供国金证券股份有限公司的机构客户使用；非国金证券客户擅自使用国金证券研究报告进行投资，遭
受任何损失，国金证券不承担相关法律责任。 
此报告仅限于中国大陆使用。 
