 
 
 
 
 
 
 




 
 
 
 
7889.25 
8131.60 
9011.59 
9961.81 
7719.44 
8187.00 
8816.00 
9554.00 
1424.81 
1543.82 
1942.76 
2388.86 
6771.02 
7163.60 
7722.60 
8382.30 
1380.19 
1352.16 
1479.00 
1612.08 
24.29 
25.59 
27.23 
29.72 
536.76 
573.08 
621.62 
670.47 
30.91 
29.37 
32.52 
35.42 
220.99 
268.68 
281.31 
303.07 
179.88 
200.09 
212.62 
230.14 
1021.34 
1003.82 
1100.21 
1199.36 
-7.12 
100.23 
97.85 
89.88 
3305.16 
3390.04 
3586.70 
3787.97 
-17.29 
0.00 
0.00 
0.00 
10693.47 
10892.49 
10920.48 
10929.42 
-10.77 
0.00 
0.00 
0.00 
1143.72 
1240.51 
1322.95 
1385.70 
-15.08 
-8.71 
-12.17 
-13.09 
647.41 
607.42 
562.41 
513.54 
364.29 
391.19 
419.99 
459.50 
2074.98 
2074.98 
2074.98 
2074.98 
6.00 
5.52 
5.54 
5.69 
6827.36 
6969.58 
6960.14 
6955.20 
6.48 
5.69 
5.82 
6.00 
18582.73 
19024.09 
19932.07 
20891.22 
363.81 
391.02 
419.71 
459.19 
8688.08 
8799.73 
9416.04 
10056.12 
60.34 
67.48 
71.23 
78.07 
742.10 
742.10 
742.10 
742.10 
303.47 
323.54 
348.48 
381.12 
3961.24 
3953.07 
4328.27 
4708.18 
69.63 
72.41 
77.98 
85.64 
3984.73 
4104.56 
4345.66 
4605.83 
233.84 
251.14 
270.51 
295.47 
5216.50 
5251.65 
5251.65 
5251.65 
523.31 
557.29 
584.49 
617.03 
3929.46 
3929.46 
3929.46 
3929.46 
1.44 
1.54 
1.66 
1.82 
1287.03 
1322.19 
1322.19 
1322.19 
13904.58 
14051.38 
14667.69 
15307.77 
1543.90 
1616.30 
1694.28 
1779.92 
1.74% 
6.06% 
7.68% 
8.37% 
3134.25 
3356.41 
3570.11 
3803.53 
0.09% 
7.39% 
7.36% 
9.41% 
18582.73 
19024.09 
19932.07 
20891.22 
-1.81% 
7.40% 
7.71% 
9.23% 
12.29% 
12.50% 
12.40% 
12.26% 
3.03% 
3.07% 
3.07% 
3.09% 
125.06 
563.06 
686.42 
721.26 
7.46% 
7.48% 
7.58% 
7.77% 
303.47 
323.54 
348.48 
381.12 
3.03% 
3.65% 
3.76% 
3.88% 
133.97 
66.04 
66.93 
67.97 
74.83% 
73.86% 
73.59% 
73.27% 
206.77 
128.73 
128.73 
128.73 
99.02% 
92.85% 
80.13% 
67.56% 
-17.13 
8.71 
12.17 
13.09 
0.91 
0.92 
0.96 
0.99 
-578.51 
36.17 
135.26 
135.97 
0.39 
0.40 
0.43 
0.47 
76.51 
-0.13 
-5.14 
-5.62 
0.44 
0.44 
0.45 
0.47 
-296.19 
-416.92 
-101.94 
-84.38 
6.07 
5.99 
6.23 
6.18 
-257.10 
-10.22 
-21.73 
-24.66 
1.80 
1.81 
1.87 
1.86 
-40.29 
-97.81 
-68.04 
-46.63 
1.44 
1.54 
1.66 
1.82 
1.21 
-308.89 
-12.17 
-13.09 
0.77 
3.46 
4.22 
4.43 
416.40 
-28.44 
-185.54 
-190.78 
19.25 
20.62 
21.93 
23.37 
251.81 
0.00 
0.00 
0.00 
6.38 
5.94 
5.51 
5.05 
206.36 
0.00 
0.00 
0.00 
0.48 
0.44 
0.42 
0.39 
-41.77 
-28.44 
-185.54 
-190.78 
12.10 
10.96 
9.77 
8.53 
245.67 
119.01 
398.94 
446.10 
0.19 
0.18 
0.17 
0.16 
 
 
