 · 建筑行业
 
 
 
 
 
 
 
634,552 
654,262 
685,612 
716,408 
4.1% 
3.1% 
4.8% 
4.5% 
12,015 
12,043 
12,553 
12,981 
-7.2% 
0.2% 
4.2% 
3.4% 
13.2% 
12.9% 
12.6% 
12.5% 
0.70 
0.70 
0.73 
0.75 
8.16 
8.14 
7.81 
7.55 
 
维持评级 
龙天光




 
 
 · 建筑行业
 
 
532,807 
575,892 
645,531 
705,305 
634,552 
654,262 
685,612 
716,408 
115,038 
174,695 
217,169 
254,413 
550,105 
568,959 
598,078 
625,999 
125,902 
119,554 
126,972 
135,258 
2,480 
2,420 
2,542 
2,702 
28,977 
31,645 
32,588 
33,810 
1,478 
1,525 
1,596 
1,669 
36,879 
37,279 
39,516 
41,448 
19,268 
19,542 
20,649 
21,579 
18,827 
19,043 
19,955 
21,088 
24,254 
24,576 
26,036 
27,169 
207,185 
193,675 
209,330 
219,288 
10,247 
11,693 
11,604 
11,567 
756,194 
760,717 
762,839 
761,961 
-1,366 
-974 
-960 
-939 
57,389 
59,231 
59,831 
60,431 
32 
-1,029 
0 
0 
146,138 
183,986 
202,335 
210,116 
-5,971 
-3,939 
-3,864 
-3,750 
268,899 
270,308 
271,133 
271,376 
19,414 
19,606 
20,284 
21,035 
283,769 
247,193 
229,540 
220,038 
448 
377 
389 
405 
1,289,001 
1,336,609 
1,408,370 
1,467,266 
331 
235 
264 
277 
603,778 
601,630 
641,258 
672,542 
19,531 
19,748 
20,409 
21,163 
39,702 
49,702 
55,702 
59,702 
3,705 
3,644 
3,762 
3,940 
256,993 
245,385 
265,630 
280,155 
15,826 
16,104 
16,647 
17,222 
307,084 
306,543 
319,926 
332,685 
3,811 
4,061 
4,094 
4,242 
413,646 
442,818 
453,831 
459,841 
12,015 
12,043 
12,553 
12,981 
355,582 
375,582 
385,582 
390,582 
49,945 
55,089 
59,459 
63,199 
58,064 
67,236 
68,249 
69,259 
0.70 
0.70 
0.73 
0.75 
1,017,424 
1,044,448 
1,095,089 
1,132,382 
106,020 
110,081 
114,174 
118,416 
4.1% 
3.1% 
4.8% 
4.5% 
165,557 
182,081 
199,107 
216,467 
-6.5% 
1.0% 
3.5% 
3.7% 
1,289,001 
1,336,609 
1,408,370 
1,467,266 
-7.2% 
0.2% 
4.2% 
3.4% 
13.2% 
12.9% 
12.6% 
12.5% 
2.5% 
2.5% 
2.4% 
2.4% 
24,546 
63,424 
69,178 
71,366 
7.3% 
6.6% 
6.3% 
6.0% 
15,826 
16,104 
16,647 
17,222 
3.3% 
3.2% 
3.1% 
3.1% 
20,168 
23,648 
27,446 
30,470 
78.9% 
78.1% 
77.8% 
77.2% 
11,913 
12,642 
13,351 
13,738 
374.6% 
357.5% 
349.6% 
338.1% 
-304 
-731 
-674 
-616 
0.88 
0.96 
1.01 
1.05 
-8,049 
8,957 
3,457 
2,187 
0.48 
0.58 
0.62 
0.66 
-15,009 
2,804 
8,952 
8,364 
0.52 
0.50 
0.50 
0.50 
-55,580 
-27,837 
-28,179 
-28,111 
5.46 
5.32 
5.55 
5.46 
-55,209 
-22,065 
-28,253 
-28,127 
2.26 
2.27 
2.34 
2.29 
-2,123 
-5,356 
-600 
-600 
0.70 
0.70 
0.73 
0.75 
1,751 
-417 
674 
616 
1.42 
3.68 
4.02 
4.14 
48,703 
24,071 
1,474 
-6,010 
9.61 
10.57 
11.56 
12.57 
7,032 
10,000 
6,000 
4,000 
8.16 
8.14 
7.81 
7.55 
40,376 
20,000 
10,000 
5,000 
0.59 
0.54 
0.49 
0.45 
1,295 
-5,929 
-14,526 
-15,010 
9.07 
7.85 
6.85 
6.01 
17,374 
59,657 
42,474 
37,245 
0.15 
0.15 
0.14 
0.14 
 · 建筑行业
 
 
