 
 
 
 
 
 
 

 

 


 
 
 
 
 
20489.63 
21571.92 
22934.54 
24696.78 
22655.29 
22835.26 
23645.73 
25016.15 
3587.91 
4567.98 
5453.56 
6362.83 
20427.24 
20626.57 
21410.11 
22666.69 
2576.99 
2481.06 
2570.00 
2681.91 
143.12 
145.40 
147.62 
157.52 
765.55 
766.97 
769.61 
798.40 
76.28 
75.10 
77.97 
82.71 
287.79 
332.81 
330.84 
355.42 
344.02 
368.96 
375.91 
396.89 
7963.43 
8223.51 
8446.64 
8949.44 
185.77 
132.73 
103.14 
77.58 
5307.97 
5199.59 
5363.88 
5548.78 
-57.06 
-45.24 
-45.36 
-45.32 
8543.60 
8826.93 
9077.25 
9330.87 
-0.09 
0.00 
0.00 
0.00 
1139.84 
1193.21 
1238.40 
1286.31 
40.36 
50.82 
51.24 
53.09 
527.22 
550.69 
565.71 
575.86 
931.32 
946.22 
975.76 
1057.66 
327.30 
389.31 
452.41 
515.14 
11.66 
0.00 
0.00 
0.00 
6549.24 
6693.72 
6820.73 
6953.56 
13.03 
0.00 
0.00 
0.00 
29033.23 
30398.85 
32011.79 
34027.65 
929.95 
946.22 
975.76 
1057.66 
15904.33 
16506.20 
17332.94 
18497.92 
194.56 
204.81 
209.57 
226.77 
1243.52 
1612.20 
2011.98 
2401.40 
735.40 
741.41 
766.19 
830.89 
6899.58 
6833.13 
7138.99 
7541.65 
192.76 
204.14 
206.12 
224.32 
7761.23 
8060.86 
8181.97 
8554.87 
542.64 
537.26 
560.07 
606.57 
5818.20 
5818.20 
5818.20 
5818.20 
1251.46 
1197.93 
1201.98 
1264.65 
4581.12 
4581.12 
4581.12 
4581.12 
1.30 
1.29 
1.35 
1.46 
1237.07 
1237.07 
1237.07 
1237.07 
21722.52 
22324.39 
23151.14 
24316.12 
3034.60 
3238.74 
3444.86 
3669.18 
10.24% 
0.79% 
3.55% 
5.80% 
4276.10 
4835.72 
5415.79 
6042.36 
7.38% 
1.60% 
3.12% 
8.39% 
29033.23 
30398.85 
32011.79 
34027.65 
6.50% 
-0.99% 
4.24% 
8.30% 
9.83% 
9.67% 
9.45% 
9.39% 
2.40% 
2.35% 
2.37% 
2.42% 
110.30 
1253.48 
1110.65 
1162.26 
12.69% 
11.11% 
10.34% 
10.04% 
735.40 
741.41 
766.19 
830.89 
5.69% 
5.12% 
4.79% 
4.71% 
144.44 
118.98 
123.08 
129.41 
74.82% 
73.44% 
72.32% 
71.46% 
192.72 
276.25 
285.86 
295.72 
61.35% 
47.98% 
38.24% 
29.53% 
-40.36 
-50.82 
-51.24 
-53.09 
1.29 
1.31 
1.32 
1.34 
-1030.79 
60.97 
-120.07 
-147.41 
0.44 
0.48 
0.51 
0.54 
108.90 
106.70 
106.83 
106.74 
0.82 
0.77 
0.76 
0.76 
-265.02 
-368.19 
-338.99 
-346.69 
9.68 
9.03 
9.36 
9.53 
-315.03 
-177.37 
-171.80 
-173.60 
3.20 
3.00 
3.06 
3.09 
-48.27 
-241.64 
-218.44 
-226.17 
1.30 
1.29 
1.35 
1.46 
98.29 
50.82 
51.24 
53.09 
0.27 
3.01 
2.67 
2.79 
304.50 
83.26 
113.92 
93.69 
10.28 
11.62 
13.02 
14.52 
461.98 
368.68 
399.78 
389.41 
4.65 
4.70 
4.51 
4.16 
591.42 
0.00 
0.00 
0.00 
0.59 
0.52 
0.47 
0.42 
-748.89 
-285.42 
-285.86 
-295.72 
5.20 
5.34 
4.92 
4.27 
161.31 
980.08 
885.58 
909.26 
0.11 
0.11 
0.11 
0.10 
 
 
