 
 
 
 
 
 
 
5520.25 
5703.50 
5986.50 
6291.50 
-12.91 
3.32 
4.96 
5.09 
67.46 
71.16 
75.98 
82.39 
-22.20 
5.48 
6.78 
8.44 
9.69 
9.48 
9.30 
9.12 
0.33 
0.34 
0.37 
0.40 
9.28 
8.80 
8.24 
7.60 

 

 


 
 
 
 
 
5997.67 
5324.94 
5711.59 
6022.70 
5520.25 
5703.50 
5986.50 
6291.50 
525.59 
586.72 
664.26 
716.05 
4985.44 
5163.00 
5430.00 
5718.00 
2135.14 
1582.90 
1723.72 
1810.86 
21.56 
19.90 
21.26 
22.59 
421.97 
416.37 
434.70 
461.68 
30.63 
29.96 
31.78 
33.53 
227.93 
276.01 
280.26 
293.03 
118.31 
116.27 
123.24 
129.99 
755.93 
760.63 
801.02 
847.05 
10.79 
13.43 
12.21 
10.66 
1931.11 
1702.32 
1807.62 
1894.03 
-25.41 
-22.35 
-21.35 
-17.82 
2082.49 
2160.17 
2233.38 
2321.70 
-3.77 
0.00 
0.00 
0.00 
380.79 
406.62 
432.45 
455.82 
-13.55 
-13.90 
-14.53 
-15.32 
274.23 
277.49 
278.99 
275.55 
90.83 
103.85 
110.07 
118.55 
336.40 
377.61 
416.20 
473.76 
4.54 
0.00 
0.00 
0.00 
1091.07 
1098.44 
1105.73 
1116.57 
2.82 
0.00 
0.00 
0.00 
8080.16 
7485.12 
7944.96 
8344.40 
92.55 
103.85 
110.07 
118.55 
5736.30 
5065.77 
5445.74 
5759.10 
13.50 
16.27 
17.12 
18.30 
338.54 
338.54 
338.54 
338.54 
79.04 
87.57 
92.95 
100.26 
3350.85 
2758.54 
3047.19 
3263.30 
11.58 
16.42 
16.97 
17.86 
2046.91 
1968.69 
2060.01 
2157.26 
67.46 
71.16 
75.98 
82.39 
520.50 
520.50 
520.50 
520.50 
161.46 
144.42 
153.89 
165.89 
403.12 
403.12 
403.12 
403.12 
0.33 
0.34 
0.37 
0.40 
117.38 
117.38 
117.38 
117.38 
6256.80 
5586.27 
5966.24 
6279.60 
292.93 
309.34 
326.31 
344.17 
-12.91% 
3.32% 
4.96% 
5.09% 
1530.43 
1589.50 
1652.41 
1720.63 
-33.78% 
14.33% 
5.99% 
7.71% 
8080.16 
7485.12 
7944.96 
8344.40 
-22.20% 
5.48% 
6.78% 
8.44% 
9.69% 
9.48% 
9.30% 
9.12% 
1.22% 
1.25% 
1.27% 
1.31% 
78.48 
210.32 
227.26 
220.41 
4.41% 
4.48% 
4.60% 
4.79% 
79.04 
87.57 
92.95 
100.26 
3.61% 
3.49% 
3.54% 
3.64% 
44.89 
27.14 
31.62 
36.68 
77.43% 
74.63% 
75.09% 
75.26% 
24.78 
23.94 
23.94 
23.94 
22.59% 
18.47% 
13.81% 
10.73% 
-1.05 
13.90 
14.53 
15.32 
1.05 
1.05 
1.05 
1.05 
-139.17 
-16.67 
-3.13 
-13.97 
0.56 
0.54 
0.55 
0.55 
69.99 
74.43 
67.35 
58.18 
0.75 
0.73 
0.78 
0.77 
-95.82 
-113.16 
-112.70 
-130.51 
3.21 
3.07 
3.62 
3.56 
-59.37 
-67.34 
-66.25 
-85.91 
1.73 
1.69 
1.87 
1.81 
-31.06 
-31.92 
-31.92 
-29.28 
0.33 
0.34 
0.37 
0.40 
-5.40 
-13.90 
-14.53 
-15.32 
0.38 
1.01 
1.10 
1.06 
110.60 
-36.18 
-37.01 
-38.12 
7.38 
7.67 
7.97 
8.30 
56.34 
0.00 
0.00 
0.00 
9.28 
8.80 
8.24 
7.60 
61.43 
0.00 
0.00 
0.00 
0.41 
0.39 
0.38 
0.36 
-7.16 
-36.18 
-37.01 
-38.12 
6.79 
6.76 
5.84 
5.11 
93.40 
61.13 
77.54 
51.79 
0.11 
0.11 
0.10 
0.10 
 
 
