 
- 1 - 
敬请参阅最后一页特别声明 
 
           
 
 
 
市场价格（人民币）： 16.93 元 
目标价格（人民币）：20.00 元 
长期竞争力评级：高于行业均值 
市场数据(人民币) 
已上市流通A 股(百万股) 
1,749.78 
总市值(百万元) 
33,790.43 
年内股价最高最低(元) 
17.03/11.40 
沪深300 指数 
3446.72 
上证指数 
3152.19 
 
 
相关报告 
1.《今日稳坐单晶第一，未来光伏霸主可期-
隆基股份年报点评》，2017.3.13 
2.《优秀就是当超预期成为习惯-隆基股份年
度业绩预告点评》，2017.1.18 
3.《云南硅棒项目引入上下游龙头合资意义
重大-隆基股份公司点评》，2017.1.5 
4.《单季毛利率创新高，四季度将迎量价齐
升-隆基股份三季报业绩点评》，2016.10.30 
5.《行业景气急冻中彰显可贵盈利能力-隆基
股份三季报预增点评》，2016.10.14 
 
 
姚遥 
分析师 SAC 执业编号：S1130512080001 
(8621)60230214 
yaoy@gjzq.com.cn 
张帅 
分析师 SAC 执业编号：S1130511030009 
(8621)60230213 
zhangshuai@gjzq.com.cn 
 
利润率维持上升通道,下半年降价不足惧 
 
公司基本情况(人民币) 
项目 
2015 
2016 
2017E 
2018E 
2019E 
摊薄每股收益(元) 
0.294 
0.775 
1.047 
1.400 
1.898 
每股净资产(元) 
3.18 
5.05 
6.10 
7.41 
9.31 
每股经营性现金流(元) 
0.21 
0.27 
1.78 
1.79 
2.57 
市盈率(倍) 
46.47 
17.28 
14.10 
10.54
7.78 
行业优化市盈率(倍) 
62.42 
101.26 
101.26 
101.26 
101.26 
净利润增长率(%) 
77.25% 
197.36% 
35.02% 
33.73% 
35.62% 
净资产收益率(%) 
9.24% 
15.33% 
17.15% 
18.88% 
20.39% 
总股本(百万股) 
1,771.38 
1,996.64 
1,995.89 
1,995.89 
1,995.89 
来源：公司年报、国金证券研究所 
业绩简评 
 
公司发布2017 年一季报，实现收入26.9 亿元，同比增长22%，净利润4.4
亿元，同比增长65%，净利润接近业绩预告上限，略超市场预期。 
经营分析 
 
盈利能力强势不改，利润率再创新高：公司在Q1 收入因季节性因素环比下
降11%的情况下，毛利率和净利率环比分别提升0.2 和1.5 个百分点，达到
31.3%和16.4%，再次双双创下近年来新高。 
 
硅料跌、硅片涨、非硅降，Q2 毛利率有望环比进一步显著提升：年初以
来，多晶硅料价格大幅下跌17%（主要从3 月下旬开始），而单晶硅片因受
下游需求强势拉动，价格逆势上涨约3%，且这一价格趋势在630 之前都不
会有大变化，考虑公司的非硅成本通过新产能投放、拉晶提速、金刚线国产
化等途径仍在持续下降，预计Q2 公司毛利率仍将维持环比上升趋势。 
 
下半年单晶硅片价格出现明显回落是大概率事件，但无伤盈利大雅，且将巩
固下游向单晶切换的决心：受到大比例采用单晶组件的领跑者基地项目需求
支撑，上半年单多晶硅片价差持续扩大，目前已超过30%。我们预计下半年
到年底，单晶硅片价格可能会出现10%以上的跌幅，但考虑硅料的跌价和公
司非硅成本的持续下降，下半年毛利率仍有望维持25%以上，不会影响全年
盈利预期的兑现。此外，单多晶价差的回归，也将进一步坚定下游电池组件
企业以及终端用户向单晶技术路线切换的决心。 
 
巨大成本优势既是产业护城河又是盈利能力保障，且这种优势呈扩大趋势：
公司2016 年硅片业务毛利率相比技术实力并不差的同业第二名竞争对手高
出惊人的15 个百分点（2015 年这一差距为7 个百分点），正是这种巨大的
成本优势，确保了即使在目前单晶替代趋势已如此明朗的情况下，仍未有大
规模新进入者出现在单晶硅片领域，同时，也保证了即使未来行业发生景气
波动导致全行业盈利水平下滑时，公司仍能维持一个相对健康的利润率。 
 
组件技术创新将进一步放大单晶优势：在近期举行的SNEC 展会上，我们
发现电池组件环节的技术创新及产业化进展更多聚焦于单晶路线，PERC、
双面、N 型组件等处于不同产业化阶段的主流新技术，都将在未来进一步放
大单晶相比多晶的效率优势，从而实现更高的发电性价比。 
盈利预测与投资建议 
 
我们维持公司2017~2019E 年净利润预测分别为21、28、38 亿元，对应
EPS 分别为1.05、1.40、1.90 元，三年净利润复合增速35%。 
 
目前股价对应16/12 倍2017/18PE，维持“买入”评级。 
风险提示：产品价格跌幅超过预期。 
0
500
1000
1500
2000
2500
11.4
13.83
16.26
160428
160728
161028
170128
人民币(元) 
成交金额(百万元) 
成交金额 
隆基股份 
国金行业 
沪深300 
 
2017 年04 月28 日 
隆基股份 (601012.SH)      太阳能行业 
评级：买入      维持评级   
公司点评 
证券研究报告 
用使司公限有理管金基银瑞投国供仅告报此
此报告仅供国投瑞银基金管理有限公司使用
公司点评 
- 2 - 
敬请参阅最后一页特别声明 
 
图表1：公司季度收入、毛利率、费用率情况 
图表2：公司季度净利润、净利率情况 
来源：公司公告，国金证券研究所 
来源：公司公告，国金证券研究所 
 
图表3：单多晶硅片价格及价差 
 
来源：PVinsights，国金证券研究所 
 
公司点评 
- 3 - 
敬请参阅最后一页特别声明 
 
图表4：三张报表摘要 
来源：公司公告，国金证券研究所 
 
 
 
 
损益表（人民币百万元）
资产负债表（人民币百万元）
2 0 1 4
2 0 1 5
2 0 1 6
2 0 1 7 E
2 0 1 8 E
2 0 1 9 E
2 0 1 4
2 0 1 5
2 0 1 6
2 0 1 7 E
2 0 1 8 E
2 0 1 9 E
主营业务收入
3 ,6 8 0
5 ,9 4 7
1 1 ,5 3 1
1 5 ,3 9 2
1 9 ,2 1 9
2 4 ,9 9 9
货币资金
1 ,1 7 2
2 ,2 4 6
5 ,8 1 7
6 ,5 1 5
8 ,5 2 5
1 2 ,6 8 6
    增长率
6 1 .6 %
9 3 .9 %
3 3 .5 %
2 4 .9 %
3 0 .1 %
应收款项
7 2 6
2 ,2 8 8
3 ,8 9 2
3 ,5 6 8
3 ,8 9 0
4 ,7 2 6
主营业务成本
-3 ,0 5 4
-4 ,7 3 6
-8 ,3 6 1
-1 1 ,4 5 5
-1 4 ,3 4 3
-1 8 ,7 1 0
存货
1 ,1 1 4
1 ,5 3 4
1 ,2 1 3
1 ,5 8 8
1 ,8 0 8
2 ,3 5 8
    % 销售收入
8 3 .0 %
7 9 .6 %
7 2 .5 %
7 4 .4 %
7 4 .6 %
7 4 .8 %
其他流动资产
3 2 9
3 7 2
1 ,1 2 0
9 1 8
8 6 3
9 3 7
毛利
6 2 6
1 ,2 1 1
3 ,1 6 9
3 ,9 3 7
4 ,8 7 6
6 ,2 8 9
流动资产
3 ,3 4 1
6 ,4 3 9
1 2 ,0 4 2
1 2 ,5 8 9
1 5 ,0 8 5
2 0 ,7 0 7
    % 销售收入
1 7 .0 %
2 0 .4 %
2 7 .5 %
2 5 .6 %
2 5 .4 %
2 5 .2 %
    % 总资产
5 1 .8 %
6 3 .1 %
6 2 .8 %
6 1 .0 %
6 3 .3 %
7 0 .2 %
营业税金及附加
-7
-1 0
-1 1 0
-1 5 4
-1 9 2
-2 5 0
长期投资
6 7
3 3 4
4 3 7
4 3 8
4 3 7
4 3 7
    % 销售收入
0 .2 %
0 .2 %
1 .0 %
1 .0 %
1 .0 %
1 .0 %
固定资产
2 ,8 3 6
3 ,1 9 8
5 ,9 7 9
7 ,3 9 7
8 ,0 9 0
8 ,1 4 5
营业费用
-3 9
-1 3 3
-4 6 8
-5 8 5
-6 7 3
-7 5 0
    % 总资产
4 4 .0 %
3 1 .3 %
3 1 .2 %
3 5 .8 %
3 4 .0 %
2 7 .6 %
    % 销售收入
1 .1 %
2 .2 %
4 .1 %
3 .8 %
3 .5 %
3 .0 %
无形资产
1 6 0
1 7 2
5 9 2
2 0 8
2 0 7
2 0 6
管理费用
-1 7 2
-2 7 5
-4 4 1
-5 6 9
-6 9 2
-8 2 5
非流动资产
3 ,1 0 8
3 ,7 6 9
7 ,1 3 0
8 ,0 4 6
8 ,7 3 6
8 ,7 9 0
    % 销售收入
4 .7 %
4 .6 %
3 .8 %
3 .7 %
3 .6 %
3 .3 %
    % 总资产
4 8 .2 %
3 6 .9 %
3 7 .2 %
3 9 .0 %
3 6 .7 %
2 9 .8 %
息税前利润（E B IT ）
4 0 8
7 9 3
2 ,1 5 0
2 ,6 2 9
3 ,3 1 9
4 ,4 6 4
资产总计
6 ,4 4 9
1 0 ,2 0 9
1 9 ,1 7 2
2 0 ,6 3 4
2 3 ,8 2 1
2 9 ,4 9 7
    % 销售收入
1 1 .1 %
1 3 .3 %
1 8 .6 %
1 7 .1 %
1 7 .3 %
1 7 .9 %
短期借款
1 ,0 6 5
6 4 8
1 ,0 2 1
1 0 0
1 0 0
1 0 0
财务费用
-7 9
-9 0
-1 0 2
-1 0 6
-9 4
-9 8
应付款项
1 ,3 7 2
2 ,9 5 9
5 ,0 5 7
5 ,5 9 9
5 ,9 7 1
7 ,7 1 1
    % 销售收入
2 .1 %
1 .5 %
0 .9 %
0 .7 %
0 .5 %
0 .4 %
其他流动负债
2 5 9
1 7 5
3 7 3
3 8 3
4 7 9
6 2 4
资产减值损失
-3 9
-1 3 5
-3 3 3
-1 6 5
-6 4
-6 1
流动负债
2 ,6 9 6
3 ,7 8 1
6 ,4 5 1
6 ,0 8 2
6 ,5 5 1
8 ,4 3 5
公允价值变动收益
0
0
0
0
0
0
长期贷款
1 8 6
1 9 8
1 ,0 2 4
1 ,1 2 4
1 ,2 2 4
1 ,2 2 4
投资收益
2
1
5 1
6 0
8 0
1 0 0
其他长期负债
3 0 5
5 7 6
1 ,6 0 3
1 ,2 4 3
1 ,2 4 3
1 ,2 4 3
    % 税前利润
0 .6 %
0 .1 %
2 .8 %
2 .5 %
2 .4 %
2 .3 %
负债
3 ,1 8 7
4 ,5 5 5
9 ,0 7 9
8 ,4 4 9
9 ,0 1 8
1 0 ,9 0 2
营业利润
2 9 3
5 6 9
1 ,7 6 6
2 ,4 1 7
3 ,2 4 1
4 ,4 0 5
普通股股东权益
3 ,2 1 8
5 ,6 3 4
1 0 ,0 9 3
1 2 ,1 8 2
1 4 ,7 9 6
1 8 ,5 8 5
  营业利润率
8 .0 %
9 .6 %
1 5 .3 %
1 5 .7 %
1 6 .9 %
1 7 .6 %
少数股东权益
4 4
1 9
1
4
7
1 0
营业外收支
2 7
2 4
2 6
3 0
3 0
3 0
负债股东权益合计
6 ,4 4 9
1 0 ,2 0 9
1 9 ,1 7 2
2 0 ,6 3 4
2 3 ,8 2 1
2 9 ,4 9 7
税前利润
3 1 9
5 9 3
1 ,7 9 3
2 ,4 4 7
3 ,2 7 1
4 ,4 3 5
    利润率
8 .7 %
1 0 .0 %
1 5 .5 %
1 5 .9 %
1 7 .0 %
1 7 .7 %
比率分析
所得税
-2 1
-7 2
-2 4 2
-3 5 5
-4 7 4
-6 4 3
2 0 1 4
2 0 1 5
2 0 1 6
2 0 1 7 E
2 0 1 8 E
2 0 1 9 E
  所得税率
6 .5 %
1 2 .1 %
1 3 .5 %
1 4 .5 %
1 4 .5 %
1 4 .5 %
每股指标
净利润
2 9 9
5 2 1
1 ,5 5 1
2 ,0 9 2
2 ,7 9 7
3 ,7 9 2
每股收益
0 .5 4 5
0 .2 9 4
0 .7 7 5
1 .0 4 7
1 .4 0 0
1 .8 9 8
少数股东损益
5
0
4
3
3
3
每股净资产
5 .8 7 5
3 .1 7 5
5 .0 5 5
6 .1 0 1
7 .4 1 0
9 .3 0 8
归属于母公司的净利
2 9 4
5 2 0
1 ,5 4 7
2 ,0 8 9
2 ,7 9 4
3 ,7 8 9
每股经营现金净流
0 .6 7 1
0 .2 0 5
0 .2 6 8
1 .7 8 0
1 .7 9 2
2 .5 7 1
    净利率
8 .0 %
8 .7 %
1 3 .4 %
1 3 .6 %
1 4 .5 %
1 5 .2 %
每股股利
0 .0 5 0
0 .1 3 0
0 .0 4 5
0 .0 0 0
0 .0 0 0
0 .0 0 0
回报率
现金流量表（人民币百万元）
净资产收益率
9 .1 2 %
9 .2 4 %
1 5 .3 3 %
1 7 .1 5 %
1 8 .8 8 %
2 0 .3 9 %
2 0 1 4
2 0 1 5
2 0 1 6
2 0 1 7 E
2 0 1 8 E
2 0 1 9 E
总资产收益率
4 .5 5 %
5 .1 0 %
8 .0 7 %
1 0 .1 2 %
1 1 .7 3 %
1 2 .8 5 %
净利润
2 9 9
5 2 1
1 ,5 5 1
2 ,0 9 2
2 ,7 9 7
3 ,7 9 2
投入资本收益率
8 .4 6 %
1 0 .7 2 %
1 4 .1 6 %
1 5 .6 1 %
1 6 .5 8 %
1 8 .2 5 %
少数股东损益
0
0
0
0
0
0
增长率
非现金支出
2 5 1
4 2 0
7 5 9
7 8 7
8 7 8
1 ,0 1 2
主营业务收入增长率
6 1 .3 8 %
6 1 .6 0 %
9 3 .8 9 %
3 3 .4 9 %
2 4 .8 6 %
3 0 .0 8 %
非经营收益
6 5
8 0
-1 0
1 3 6
-1 6
-3 2
E B IT 增长率
2 0 5 .9 0 %
9 4 .4 0 %
1 7 1 .0 8 %
2 2 .2 6 %
2 6 .2 6 %
3 4 .5 0 %
营运资金变动
-2 4 7
-6 5 6
-1 ,7 6 6
5 4 0
-8 1
3 6 2
净利润增长率
3 1 3 .8 5 %
7 7 .2 5 %
1 9 7 .3 6 %
3 5 .0 2 %
3 3 .7 3 %
3 5 .6 2 %
经营活动现金净流
3 6 7
3 6 5
5 3 4
3 ,5 5 4
3 ,5 7 7
5 ,1 3 4
总资产增长率
N /A
5 8 .2 9 %
8 7 .8 0 %
7 .6 3 %
1 5 .4 4 %
2 3 .8 3 %
资本开支
-4 9 5
-9 6 3
-2 ,0 7 7
-1 ,6 2 8
-1 ,4 7 4
-9 7 5
资产管理能力
投资
-7
-1 6 3
-7 9
-1
0
0
应收账款周转天数
2 5 .2
6 8 .0
6 3 .4
6 5 .0
5 5 .0
5 0 .0
其他
1 8
-9 0
4
6 0
8 0
1 0 0
存货周转天数
6 6 .6
1 0 2 .0
6 0 .0
5 5 .0
5 0 .0
5 0 .0
投资活动现金净流
-4 8 3
-1 ,2 1 6
-2 ,1 5 2
-1 ,5 6 9
-1 ,3 9 4
-8 7 5
应付账款周转天数
3 9 .9
7 8 .9
7 4 .0
7 0 .0
6 0 .0
6 0 .0
股权募资
9 7
1 ,9 7 9
3 ,0 3 6
0
-1 7 9
0
固定资产周转天数
2 3 5 .7
1 6 0 .9
1 4 5 .3
1 4 1 .7
1 2 6 .6
9 8 .2
债权募资
4 4 6
-7
2 ,1 6 4
-1 ,1 8 0
1 0 0
0
偿债能力
其他
-3 8
-2 0 3
-1 6 3
-1 0 7
-9 4
-9 8
净负债/ 股东权益
2 .4 2 %
-2 4 .7 7 %
-2 7 .5 2 %
-3 5 .2 7 %
-4 1 .9 3 %
-5 5 .7 6 %
筹资活动现金净流
5 0 5
1 ,7 7 0
5 ,0 3 7
-1 ,2 8 7
-1 7 3
-9 8
E B IT 利息保障倍数
5 .2
8 .8
2 1 .1
2 4 .7
3 5 .3
4 5 .6
现金净流量
3 9 0
9 1 8
3 ,4 1 9
6 9 8
2 ,0 1 0
4 ,1 6 1
资产负债率
4 9 .4 1 %
4 4 .6 2 %
4 7 .3 5 %
4 0 .9 5 %
3 7 .8 6 %
3 6 .9 6 %
公司点评 
- 4 - 
敬请参阅最后一页特别声明 
 
 
市场中相关报告评级比率分析 
日期 
一周内 
一月内 
二月内 
三月内 
六月内 
买入 
0 
0 
1 
5 
31 
增持 
0 
0 
0 
0 
5 
中性 
0 
0 
0 
0 
0 
减持 
0 
0 
0 
0 
0 
评分 
0.00 
0.00 
1.00 
1.00 
1.14 
来源：朝阳永续 
市场中相关报告评级比率分析说明： 
市场中相关报告投资建议为“买入”得1 分，为
“增持”得2 分，为“中性”得3 分，为“减持”得4
分，之后平均计算得出最终评分，作为市场平均投资建
议的参考。 
最终评分与平均投资建议对照： 
1.00  =买入； 1.01~2.0=增持 ； 2.01~3.0=中性 
3.01~4.0=减持 
 
历史推荐和目标定价(人民币) 
序号 
日期 
评级 
市价 
目标价 
1 
2016-05-25 
买入 
11.69 
24.00 
2 
2016-07-19 
买入 
13.43 
24.00 
3 
2016-08-18 
买入 
15.48 
24.00 
4 
2016-10-14 
买入 
14.00 
20.00 
5 
2016-10-30 
买入 
13.95 
20.00 
6 
2017-01-05 
买入 
13.64 
20.00 
7 
2017-01-18 
买入 
14.20 
20.00 
8 
2017-03-13 
买入 
14.76 
20.00 
来源：国金证券研究所 
 
 
 
 
长期竞争力评级的说明： 
长期竞争力评级着重于企业基本面，评判未来两年后公司综合竞争力与所属行业上市公司均值比较结果。 
 
 
优化市盈率计算的说明： 
行业优化市盈率中，在扣除行业内所有亏损股票后，过往年度计算方法为当年年末收盘总市值与当年股 
票净利润总和相除，预期年度为报告提供日前一交易日收盘总市值与前一年度股票净利润总和相除。 
 
 
投资评级的说明： 
买入：预期未来6－12 个月内上涨幅度在15%以上； 
增持：预期未来6－12 个月内上涨幅度在5%－15%； 
中性：预期未来6－12 个月内变动幅度在 -5%－5%； 
减持：预期未来6－12 个月内下跌幅度在5%以上。 
 
0
500
1,000
1,500
2,000
8.08
10.18
12.28
14.38
16.48
18.58
20.68
150428
150728
151028
160128
160428
160728
161028
170128
成交量 
人民币(元) 
历史推荐与股价 
公司点评 
- 5 - 
敬请参阅最后一页特别声明 
 
 
  
上海 
北京 
深圳 
电话：021-60753903 
传真：021-61038200 
邮箱：researchsh@gjzq.com.cn 
邮编：201204 
地址：上海浦东新区芳甸路1088 号 
           紫竹国际大厦7 楼 
电话：010-66216979 
传真：010-66216793 
邮箱：researchbj@gjzq.com.cn 
邮编：100053 
地址：中国北京西城区长椿街3 号4 层 
电话：0755-83831378 
传真：0755-83830558 
邮箱：researchsz@gjzq.com.cn 
邮编：518000 
地址：中国深圳福田区深南大道4001 号 
           时代金融中心7BD 
 
 
特别声明：  
国金证券股份有限公司经中国证券监督管理委员会批准，已具备证券投资咨询业务资格。 
本报告版权归“国金证券股份有限公司”（以下简称“国金证券”）所有，未经事先书面授权，本报告的任何部分均
不得以任何方式制作任何形式的拷贝，或再次分发给任何其他人，或以任何侵犯本公司版权的其他方式使用。经过
书面授权的引用、刊发，需注明出处为“国金证券股份有限公司”，且不得对本报告进行任何有悖原意的删节和修
改。 
本报告的产生基于国金证券及其研究人员认为可信的公开资料或实地调研资料，但国金证券及其研究人员对这
些信息的准确性和完整性不作任何保证，对由于该等问题产生的一切责任，国金证券不作出任何担保。且本报告中
的资料、意见、预测均反映报告初次公开发布时的判断，在不作事先通知的情况下，可能会随时调整。 
客户应当考虑到国金证券存在可能影响本报告客观性的利益冲突，而不应视本报告为作出投资决策的唯一因
素。本报告亦非作为或被视为出售或购买证券或其他投资标的邀请。 
证券研究报告是用于服务机构投资者和投资顾问的专业产品，使用时必须经专业人士进行解读。国金证券建议
客户应考虑本报告的任何意见或建议是否符合其特定状况，以及（若有必要）咨询独立投资顾问。报告本身、报告
中的信息或所表达意见也不构成投资、法律、会计或税务的最终操作建议，国金证券不就报告中的内容对最终操作
建议做出任何担保。 
在法律允许的情况下，国金证券的关联机构可能会持有报告中涉及的公司所发行的证券并进行交易，并可能为
这些公司正在提供或争取提供多种金融服务。 
本报告反映编写分析员的不同设想、见解及分析方法，故本报告所载观点可能与其他类似研究报告的观点及市
场实际情况不一致，且收件人亦不会因为收到本报告而成为国金证券的客户。 
         本报告仅供国金证券股份有限公司的机构客户使用；非国金证券客户擅自使用国金证券研究报告进行投资，遭
受任何损失，国金证券不承担相关法律责任。 
 
