 
⚫ 
⚫ 
⚫ 
⚫ 
⚫ 
⚫ 
15838.85  
21037.08  
27045.83  
34370.65  
40.63  
32.82  
28.56  
27.08  
3326.71  
4598.51  
6048.64  
7885.99  
63.09  
38.23  
31.53  
30.38  
44.81  
45.30  
45.70  
45.70  
6.40  
8.84  
11.63  
15.16  
41.83 
30.26 
23.00 
17.64 

 

 
 
 
 
 
 
 
 
 
12705.62 
18057.63 
27351.10 
38966.67 
15838.85 
21037.08 
27045.83 
34370.65 
5652.55 
9274.50 
16812.17 
26402.56 
8741.56 
11507.28 
14685.88 
18663.26 
81.31 
62.07 
79.81 
101.42 
159.79 
212.47 
273.16 
347.14 
28.43 
40.17 
51.65 
65.64 
2681.08 
3513.19 
4570.74 
5808.64 
227.12 
401.82 
369.42 
534.93 
425.65 
483.85 
622.05 
790.53 
1068.08 
937.61 
1196.60 
1520.68 
-190.54 
-129.89 
-280.99 
-637.87 
5648.13 
7341.45 
8841.45 
10341.45 
0.00 
0.00 
0.00 
0.00 
9970.67 
10173.39 
10342.95 
10465.10 
32.95 
0.00 
0.00 
0.00 
0.00 
0.00 
0.00 
0.00 
95.32 
147.26 
189.32 
240.59 
3669.66 
3816.84 
3895.09 
3910.20 
4144.77 
5677.17 
7467.45 
9735.78 
746.12 
865.23 
945.20 
1023.15 
2.15 
0.00 
0.00 
0.00 
5554.89 
5491.31 
5502.66 
5531.74 
39.61 
0.00 
0.00 
0.00 
22676.30 
28231.02 
37694.05 
49431.77 
4107.31 
5677.17 
7467.45 
9735.78 
14845.04 
17118.32 
20532.72 
24384.46 
780.88 
1078.66 
1418.82 
1849.80 
6551.34 
8551.34 
9551.34 
10551.34 
3326.43 
4598.51 
6048.64 
7885.99 
1255.33 
1445.95 
1934.57 
2406.38 
-0.28 
0.00 
0.00 
0.00 
7038.38 
7121.04 
9046.82 
11426.74 
3326.71 
4598.51 
6048.64 
7885.99 
139.67 
143.41 
143.41 
143.41 
4185.01 
6027.27 
7709.03 
9666.97 
0.00 
0.00 
0.00 
0.00 
6.40 
8.84 
11.63 
15.16 
139.67 
143.41 
143.41 
143.41 
14984.72 
17261.74 
20676.13 
24527.87 
3.78 
3.78 
3.78 
3.78 
40.63%
32.82%
28.56%
27.08%
7687.80 
10965.50 
17014.14 
24900.12 
60.13%
36.97%
31.53%
30.38%
22676.30 
28231.02 
37694.05 
49431.77 
63.09%
38.23%
31.53%
30.38%
44.81%
45.30%
45.70%
45.70%
21.00%
21.86%
22.36%
22.94%
5789.41 
4666.01 
8142.08 
10174.99 
43.27%
41.94%
35.55%
31.67%
3326.43 
4598.51 
6048.64 
7885.99 
21.61%
22.90%
21.83%
20.73%
358.94 
479.98 
522.56 
569.06 
66.08%
61.14%
54.85%
49.62%
-119.90 
152.74 
182.74 
202.74 
12.97%
-5.71%
-42.10%
-63.26%
-95.32 
-147.26 
-189.32 
-240.59 
0.86 
1.05 
1.33 
1.60 
2451.42 
-261.71 
1658.60 
1826.55 
0.72 
0.89 
1.16 
1.41 
-132.17 
-156.24 
-81.14 
-68.74 
0.85 
0.83 
0.82 
0.79 
-6875.49 
-1572.61 
-1421.67 
-1381.87 
214.52 
293.44 
381.25 
379.32 
-1684.28 
-572.35 
-510.99 
-522.46 
8.17 
8.52 
8.69 
8.60 
-5383.10 
-1100.00 
-1100.00 
-1100.00 
6.40 
8.84 
11.63 
15.16 
191.89 
99.74 
189.32 
240.59 
11.13 
8.97 
15.66 
19.57 
1507.45 
539.66 
817.26 
797.26 
14.78 
21.09 
32.72 
47.88 
3555.63 
2000.00 
1000.00 
1000.00 
41.83 
30.26 
23.00 
17.64 
-220.00 
0.00 
0.00 
0.00 
18.10 
12.69 
8.18 
5.59 
-1828.18 
-1460.34 
-182.74 
-202.74 
31.12 
22.98 
17.12 
12.76 
453.09 
3621.95 
7537.67 
9590.39 
8.79 
6.61 
5.14 
4.05 
 
 
