 
 
 
 
 
 
 




 
 
 
 
5328.07 
4835.44 
4786.04 
4839.72 
6345.52 
6560.00 
6917.00 
7379.00 
1150.38 
797.98 
551.59 
377.02 
5504.55 
5708.50 
6023.00 
6437.00 
1259.02 
1175.63 
1205.62 
1255.30 
24.80 
24.56 
26.03 
27.90 
289.77 
312.02 
325.99 
347.11 
14.78 
15.30 
16.12 
17.21 
368.79 
377.05 
399.41 
427.07 
192.68 
197.57 
209.04 
222.97 
188.27 
191.48 
202.25 
216.77 
102.47 
121.86 
128.91 
133.84 
2071.85 
1981.27 
2101.19 
2216.45 
-13.66 
-10.00 
-9.00 
-8.00 
7561.94 
8142.31 
8659.92 
9133.13 
0.32 
0.00 
0.00 
0.00 
442.67 
464.89 
523.61 
554.85 
3.04 
6.20 
5.94 
6.08 
1461.38 
1601.29 
1694.70 
1799.22 
194.14 
204.71 
214.19 
229.98 
2688.99 
3066.11 
3420.21 
3751.30 
4.48 
0.00 
0.00 
0.00 
2968.91 
3010.02 
3021.39 
3027.75 
3.31 
0.00 
0.00 
0.00 
12890.01 
12977.75 
13445.96 
13972.85 
195.31 
204.71 
214.19 
229.98 
6037.78 
6007.11 
6324.88 
6690.34 
37.05 
37.93 
39.77 
42.83 
397.02 
397.02 
397.02 
397.02 
158.26 
166.78 
174.42 
187.15 
2569.93 
2532.83 
2709.73 
2901.21 
38.11 
41.22 
42.67 
45.82 
3070.84 
3077.27 
3218.13 
3392.12 
120.15 
125.56 
131.75 
141.33 
4136.46 
4134.84 
4134.84 
4134.84 
500.14 
479.89 
539.99 
607.52 
3555.82 
3555.82 
3555.82 
3555.82 
0.70 
0.73 
0.76 
0.82 
580.64 
579.02 
579.02 
579.02 
10174.24 
10141.95 
10459.72 
10825.18 
1060.20 
1101.42 
1144.09 
1189.91 
4.05% 
3.38% 
5.44% 
6.68% 
1655.57 
1734.38 
1842.15 
1957.76 
-6.48% 
5.44% 
4.63% 
7.37% 
12890.01 
12977.75 
13445.96 
13972.85 
-7.21% 
4.51% 
4.93% 
7.27% 
13.19% 
12.98% 
12.92% 
12.77% 
1.90% 
1.91% 
1.90% 
1.92% 
245.46 
586.53 
623.34 
698.93 
7.26% 
7.24% 
7.15% 
7.22% 
158.26 
166.78 
174.42 
187.15 
3.26% 
3.54% 
3.65% 
3.78% 
201.68 
153.31 
196.89 
243.71 
78.93% 
78.15% 
77.79% 
77.47% 
119.13 
144.87 
144.87 
144.87 
130.70% 
136.71% 
138.07% 
136.54% 
-3.04 
-6.20 
-5.94 
-6.08 
0.88 
0.80 
0.76 
0.72 
-301.28 
77.86 
61.76 
84.21 
0.48 
0.42 
0.37 
0.33 
70.71 
49.91 
51.33 
45.07 
0.52 
0.51 
0.52 
0.54 
-555.80 
-717.37 
-700.89 
-702.91 
5.46 
5.39 
5.81 
6.00 
-552.09 
-666.88 
-648.11 
-677.75 
2.26 
2.24 
2.30 
2.29 
-21.23 
-22.22 
-58.72 
-31.24 
0.70 
0.73 
0.76 
0.82 
17.51 
-28.27 
5.94 
6.08 
1.42 
3.40 
3.62 
4.06 
487.03 
-221.66 
-168.85 
-170.59 
9.61 
10.07 
10.69 
11.37 
70.32 
0.00 
0.00 
0.00 
8.39 
8.03 
7.65 
7.13 
403.76 
0.00 
0.00 
0.00 
0.61 
0.58 
0.55 
0.51 
12.95 
-221.66 
-168.85 
-170.59 
8.98 
10.18 
9.50 
8.73 
173.74 
-352.39 
-246.40 
-174.57 
0.16 
0.15 
0.15 
0.14 
 
 
