 
 
 
 
 
 
 
4367.13 
4590.00 
4896.00 
5267.00 
7.56 
5.10 
6.67 
7.58 
83.96 
89.11 
95.82 
106.26 
5.13 
6.13 
7.53 
10.90 
12.41 
12.75 
12.68 
12.57 
0.20 
0.21 
0.23 
0.25 
11.32 
10.67 
9.92 
8.95 

 

 


 
 
 
 
 
4473.05  
4632.55  
4952.79  
5341.00  
4367.13  
4590.00  
4896.00  
5267.00  
911.62  
839.63  
969.98  
1122.30  
3825.30  
4005.00  
4275.00  
4605.00  
852.37  
870.12  
903.12  
951.39  
16.54  
17.58  
18.40  
19.95  
322.58  
337.78  
362.64  
389.10  
23.91  
23.25  
25.16  
27.23  
301.80  
352.14  
370.30  
394.96  
148.33  
162.19  
171.58  
184.15  
748.77  
775.41  
829.27  
894.07  
53.79  
64.66  
66.10  
63.49  
1335.91  
1457.46  
1517.47  
1589.18  
-10.48  
-15.00  
-15.00  
-15.00  
4217.00  
4310.77  
4378.03  
4424.91  
0.45  
0.00  
0.00  
0.00  
527.71  
527.71  
527.71  
527.71  
7.29  
7.12  
7.17  
8.04  
739.34  
752.55  
745.21  
721.45  
148.28  
158.27  
170.64  
189.44  
1005.22  
1104.37  
1235.63  
1357.78  
6.48  
0.00  
0.00  
0.00  
1944.74  
1926.15  
1869.48  
1817.97  
3.48  
0.00  
0.00  
0.00  
8690.05  
8943.32  
9330.82  
9765.91  
151.28  
158.27  
170.64  
189.44  
4372.30  
4519.24  
4790.82  
5097.48  
33.04  
33.94  
36.31  
40.59  
401.93  
401.93  
401.93  
401.93  
118.24  
124.34  
134.33  
148.85  
1885.38  
2097.69  
2230.29  
2383.49  
34.28  
35.23  
38.51  
42.59  
2084.99  
2019.63  
2158.61  
2312.07  
83.96  
89.11  
95.82  
106.26  
2259.46  
2259.46  
2259.46  
2259.46  
275.03  
317.36  
348.19  
379.80  
1930.10  
1930.10  
1930.10  
1930.10  
0.20  
0.21  
0.23  
0.25  
329.36  
329.36  
329.36  
329.36  
6631.76  
6778.70  
7050.28  
7356.94  
898.18  
933.41  
971.92  
1014.50  
7.56% 
5.10% 
6.67% 
7.58% 
1160.11  
1231.22  
1308.62  
1394.46  
5.56% 
6.74% 
7.81% 
11.02% 
8690.05  
8943.32  
9330.82  
9765.91  
5.13% 
6.13% 
7.53% 
10.90% 
12.41% 
12.75% 
12.68% 
12.57% 
1.92% 
1.94% 
1.96% 
2.02% 
110.27  
201.51  
393.92  
410.88  
7.24% 
7.24% 
7.32% 
7.62% 
118.24  
124.34  
134.33  
148.85  
3.11% 
3.57% 
3.71% 
3.86% 
84.10  
94.43  
111.45  
126.87  
76.31% 
75.80% 
75.56% 
75.33% 
53.79  
82.89  
82.89  
82.89  
88.67% 
87.64% 
77.47% 
67.02% 
-7.29  
-7.12  
-7.17  
-8.04  
1.02  
1.03  
1.03  
1.05  
-163.37  
-124.55  
41.69  
30.77  
0.49  
0.47  
0.48  
0.50  
24.81  
31.53  
30.72  
29.54  
0.53  
0.52  
0.54  
0.55  
-503.36  
-172.61  
-162.27  
-155.24  
5.34  
5.33  
5.52  
5.68  
-443.51  
-141.94  
-176.10  
-171.20  
1.95  
2.01  
1.98  
2.00  
-75.61  
-32.16  
9.97  
11.60  
0.20  
0.21  
0.23  
0.25  
15.76  
1.49  
3.86  
4.37  
0.26  
0.48  
0.94  
0.99  
533.62  
-100.01  
-101.30  
-103.31  
2.78  
2.95  
3.14  
3.34  
51.78  
0.00  
0.00  
0.00  
11.32  
10.67  
9.92  
8.95  
350.65  
0.00  
0.00  
0.00  
0.82  
0.77  
0.73  
0.68  
131.19  
-100.01  
-101.30  
-103.31  
10.11  
8.97  
7.80  
6.75  
139.65  
-71.99  
130.35  
152.33  
0.22  
0.21  
0.19  
0.18  
 
 
