 
 
 
 
 
 
 
11379.93 
11398.10 
11988.75 
12725.04 
3.80 
0.16 
5.18 
6.14 
260.97 
265.01 
292.77 
320.79 
-2.19 
1.55 
10.48 
9.57 
10.40 
9.43 
9.58 
9.66 
1.92 
1.95 
2.16 
2.36 
4.42 
4.36 
3.94 
3.60 

 

 


 
 
 
 
 
10647.53 
10894.38 
11522.37 
12289.65 
11379.93 
11398.10 
11988.75 
12725.04 
1669.58 
1899.40 
2086.05 
2316.53 
10196.83 
10323.35 
10840.00 
11496.09 
1558.09 
1529.83 
1619.88 
1715.56 
42.97 
43.16 
45.35 
48.15 
569.03 
608.86 
626.76 
670.08 
73.78 
72.28 
76.60 
81.10 
217.13 
242.45 
246.67 
264.40 
234.66 
232.49 
245.43 
260.19 
3076.43 
3123.03 
3276.38 
3475.72 
46.61 
43.26 
39.93 
38.57 
3557.28 
3490.81 
3666.62 
3847.36 
-34.61 
-1.04 
-0.98 
-0.98 
5982.67 
6370.92 
6767.79 
7168.34 
-6.44 
0.00 
0.00 
0.00 
1492.78 
1744.56 
1991.13 
2233.82 
-42.30 
-44.41 
-46.00 
-49.08 
732.69 
845.39 
965.26 
1085.29 
385.94 
387.92 
430.88 
471.27 
697.36 
710.77 
731.95 
759.01 
9.81 
0.00 
0.00 
0.00 
3059.83 
3070.19 
3079.46 
3090.22 
7.46 
0.00 
0.00 
0.00 
16630.20 
17265.30 
18290.16 
19457.99 
388.28 
387.92 
430.88 
471.27 
9980.52 
10301.33 
10966.67 
11741.14 
64.99 
63.90 
71.36 
77.91 
818.40 
1039.25 
1288.05 
1527.54 
323.29 
324.02 
359.52 
393.36 
4915.67 
4803.38 
5104.43 
5391.93 
62.32 
59.01 
66.75 
72.57 
4246.45 
4458.70 
4574.19 
4821.67 
260.97 
265.01 
292.77 
320.79 
2478.47 
2478.47 
2478.47 
2478.47 
652.44 
533.23 
579.86 
625.18 
1656.21 
1656.21 
1656.21 
1656.21 
1.92 
1.95 
2.16 
2.36 
822.26 
822.26 
822.26 
822.26 
12459.00 
12779.80 
13445.14 
14219.61 
1072.82 
1131.83 
1198.58 
1271.15 
3.80% 
0.16% 
5.18% 
6.14% 
3098.38 
3353.66 
3646.43 
3967.22 
3.19% 
0.51% 
11.07% 
9.37% 
16630.20 
17265.30 
18290.16 
19457.99 
-2.19% 
1.55% 
10.48% 
9.57% 
10.40% 
9.43% 
9.58% 
9.66% 
2.29% 
2.33% 
2.44% 
2.52% 
204.12 
659.74 
600.97 
673.16 
8.42% 
7.90% 
8.03% 
8.09% 
323.29 
324.02 
359.52 
393.36 
4.80% 
4.46% 
4.52% 
4.57% 
217.54 
102.05 
109.05 
115.34 
74.92% 
74.02% 
73.51% 
73.08% 
58.48 
110.04 
115.91 
122.01 
40.78% 
37.72% 
36.20% 
33.66% 
-13.19 
44.41 
46.00 
49.08 
1.07 
1.06 
1.05 
1.05 
-463.61 
82.92 
-24.80 
-1.82 
0.39 
0.40 
0.40 
0.41 
81.62 
-3.70 
-4.71 
-4.81 
0.71 
0.67 
0.67 
0.67 
-559.09 
-531.01 
-547.21 
-560.16 
7.66 
7.38 
7.61 
7.63 
-310.65 
-217.37 
-236.62 
-250.71 
2.22 
2.12 
2.19 
2.19 
-288.17 
-269.22 
-264.60 
-260.37 
1.92 
1.95 
2.16 
2.36 
39.73 
-44.41 
-46.00 
-49.08 
1.50 
4.86 
4.43 
4.96 
445.92 
110.81 
132.90 
117.47 
22.82 
24.70 
26.85 
29.21 
304.72 
220.85 
248.81 
239.49 
4.42 
4.36 
3.94 
3.60 
322.06 
0.00 
0.00 
0.00 
0.37 
0.34 
0.32 
0.29 
-180.87 
-110.04 
-115.91 
-122.01 
4.19 
5.34 
5.02 
4.67 
81.22 
229.82 
186.65 
230.48 
0.10 
0.10 
0.10 
0.09 
 
 
