 
 
1 
 
 
 
◆ 
◆ 
wind
 
◆ 
◆ 
wind
 
 
wind
 
wind
 
➢ 
613.05 
559.84 
647.23 
750.62 
12.93
-8.68
15.61
15.98
59.78 
65.46
56.62
48.82
1.01 
1.00
0.99
0.97
1.53
1.74
1.99
 
wind
 
 
wind
 
 
 
 
 
wind
 
 
wind
 
 
 
wind
 
 
-10.00%
-5.00%
0.00%
5.00%
10.00%
0
100
200
300
400
营业收入
增速
-60.00%
-40.00%
-20.00%
0.00%
20.00%
0
5
10
15
归母净利润
增速
0.00%
5.00%
10.00%
15.00%
20.00%
2017
2018
2019
2020
2021 2022H1
毛利率
净利率
-2.00%
0.00%
2.00%
4.00%
6.00%
2018
2019
2020
2021
2022H1
销售费用率
管理费用率
研发费用率
财务费用率
化学动力
30%
柴油动力
20%
海工平台
及港机设
备
14%
贵金属加
工
12%
传动设备
10%
燃气蒸汽动力
0%
其他主营
业务
14%
其他业务
0%
 
 
报表预测
单位:百万元
会计年度
2019
2020
2021
2022E
2023E
2024E
利润表
        营业收入
29,691.24
27,014.19
28,208.97
35,801.95
38,541.09
42,076.61
    减: 营业成本
25,508.05
23,603.37
24,855.21
31,527.46
33,918.32
36,959.68
        税金及附加
399.80
366.23
382.77
484.41
521.48
569.31
        主营业务利润
3,783.40
3,044.59
2,970.99
3,790.07
4,101.29
4,547.61
    减: 销售费用
689.88
516.81
451.71
696.69
750.00
818.80
        管理费用
1,504.93
1,268.80
1,388.72
1,752.90
1,887.02
2,060.12
        研发费用
824.00
815.31
973.96
1,103.41
1,187.83
1,296.80
        财务费用
78.61
43.09
21.16
134.83
59.80
19.46
        经营性利润
685.98
400.59
135.45
102.23
216.64
352.44
    加: 资产减值损失
4.83
-19.63 
-53.56 
-29.39 
-31.64 
-34.54 
        信用减值损失
-50.41 
-194.24 
-17.54 
-22.26 
-23.96 
-26.16 
        其他经营损益
-0.00 
0.00
0.00
-0.00 
-0.00 
-0.00 
        投资收益
39.02
61.94
29.72
43.56
43.56
43.56
        公允价值变动损益
0.00
0.00
0.00
0.00
0.00
0.00
        资产处置收益
31.06
3.95
43.66
26.22
26.22
26.22
        其他收益
330.67
227.83
304.45
287.65
287.65
287.65
        营业利润
1,041.16
480.44
442.17
408.01
518.48
649.18
    加: 其他非经营损益
0.00
0.00
0.00
0.00
0.00
0.00
        营业外收入
231.02
191.01
307.52
307.52
307.52
307.52
    减: 营业外支出
92.75
8.68
7.87
7.87
7.87
7.87
        利润总额
1,179.44
662.77
741.82
707.66
818.12
948.82
    减: 所得税
138.77
84.84
102.54
90.56
104.69
121.42
        净利润
1,040.67
577.93
639.27
617.10
713.43
827.40
    减: 少数股东损益
49.54
35.07
26.23
57.27
66.21
76.78
        归属母公司股东净利润
991.12
542.86
613.05
559.84
647.23
750.62
资产负债表
        货币资金
9,564.07
10,579.17
13,069.49
6,874.02
7,008.34
6,901.70
        交易性金融资产
0.00
0.00
0.00
0.00
0.00
0.00
        应收票据
0.00
2,372.78
4,386.52
2,903.96
3,126.14
3,412.91
        应收账款
17,225.63
14,378.13
10,701.18
17,802.59
19,164.63
20,922.67
        预付账款
2,742.94
2,229.25
2,778.83
3,262.90
3,512.53
3,834.75
        其他应收款
453.55
568.72
550.17
666.29
717.27
783.07
        存货
8,593.43
10,110.54
11,469.96
12,891.72
13,869.36
15,112.98
        其他流动资产
207.79
223.98
236.00
282.31
303.91
331.78
        长期股权投资
1,124.72
1,173.38
1,151.72
1,185.22
1,218.73
1,252.23
        金融资产投资
391.57
419.41
639.62
639.62
639.62
639.62
        投资性房地产
13.50
12.86
12.22
10.60
8.98
7.35
        固定资产和在建工程
12,159.83
12,594.14
12,439.36
11,014.17
9,484.25
7,849.60
        无形资产和开发支出
2,563.85
2,709.93
3,232.74
2,728.29
2,216.97
1,698.79
        其他非流动资产
974.83
1,372.40
1,338.20
1,249.36
1,159.92
1,159.92
        资产总计
56,015.70
58,744.69
62,006.00
61,511.05
62,430.63
63,907.38
        短期借款
2,149.57
1,780.63
1,974.07
0.00
0.00
0.00
        交易性金融负债
0.00
0.00
0.00
0.00
0.00
0.00
        应付票据
1,951.58
2,413.87
3,131.30
3,202.75
3,445.63
3,754.59
        应付账款
6,639.79
7,171.77
7,670.50
9,171.91
9,867.45
10,752.24
        预收账款
2,847.16
0.00
0.00
1,144.38
1,231.93
1,344.94
        合同负债
0.00
1,810.33
3,613.80
2,328.58
2,506.74
2,736.69
        其他应付款
1,632.20
1,385.36
1,130.64
1,767.32
1,901.35
2,071.84
        长期借款
1,280.00
3,854.37
3,861.21
2,725.76
1,642.87
632.65
        其他负债
2,944.74
3,777.33
3,622.95
3,664.73
3,746.27
3,850.16
        负债合计
19,445.03
22,193.66
25,004.47
24,005.43
24,342.24
25,143.10
        股本
1,695.00
2,160.68
2,160.68
2,160.68
2,160.68
2,160.68
        资本公积
19,206.93
26,459.01
26,436.27
26,436.27
26,436.27
26,436.27
        留存收益
6,426.60
7,162.91
7,598.53
8,045.36
8,561.93
9,161.02
        归属母公司股东权益
27,328.53
35,782.60
36,195.48
36,642.30
37,158.88
37,757.97
        少数股东权益
9,242.14
768.43
806.05
863.31
929.52
1,006.30
        股东权益合计
36,570.67
36,551.02
37,001.53
37,505.62
38,088.40
38,764.27
        负债和股东权益合计
56,015.70
58,744.69
62,006.00
61,511.05
62,430.63
63,907.38
        投入资本(IC)
33,013.73
33,888.86
31,948.59
36,297.93
35,937.41
36,063.27
现金流量表
        经营性现金净流量
715.98
152.57
4,228.58
-2,790.29 
1,455.46
1,122.37
        投资性现金净流量
-1,768.14 -1,171.92 -1,026.23 
-47.81 
-47.81 
-47.81 
        筹资性现金净流量
-3,468.25 
1,522.17
-357.78 -3,357.37 -1,273.34 
-1,181.20 
        现金流量净额
-4,506.73 
498.09
2,833.93
-6,195.47 
134.32
-106.64 
