 
⚫ 
⚫ 
⚫ 
⚫ 
⚫ 

 

 



 
 
 
 
 
51832.69 
58489.22 
65771.71 
72111.53 
37069.65 
35103.39 
37390.36 
40530.21 
3283.31 
4261.08 
4463.31 
5851.61 
23149.15 
20867.17 
22246.44 
24063.14 
206.10 
162.01 
130.95 
165.22 
340.06 
322.95 
343.99 
372.88 
1684.29 
1394.64 
1592.18 
1668.06 
0.00 
0.00 
0.00 
0.00 
494.67 
487.22 
497.40 
549.93 
470.71 
421.24 
429.99 
445.83 
428.12 
507.75 
476.37 
550.40 
3497.17 
3507.41 
3557.35 
3582.84 
45736.20 
51676.52 
58611.50 
63326.31 
-978.85 
-600.00 
-400.00 
-400.00 
205273.51 
210773.52 
214837.24 
216969.11 
15.18 
0.00 
0.00 
0.00 
6225.54 
6455.54 
6685.54 
6915.54 
911.74 
245.72 
261.73 
283.71 
156388.52 
161759.41 
168030.30 173191.19 
10135.88 
10295.65 
11333.93 
12671.27 
6023.46 
5623.46 
5313.46 
4993.46 
207.04 
160.81 
198.09 
207.04 
36635.99 
36935.10 
34807.94 
31868.92 
110.31 
117.55 
108.77 
110.31 
257106.20 
269262.73 
280608.95 289080.64 
10232.61 
10338.91 
11423.25 
12768.00 
72794.53 
74519.02 
76762.98 
79301.25 
1951.91 
1974.73 
2187.55 
2451.46 
28177.18 
30177.18 
31177.18 
32177.18 
8280.71 
8364.18 
9235.70 
10316.54 
14889.86 
14864.29 
15846.78 
16481.60 
1935.42 
1923.76 
2124.21 
2372.80 
29727.49 
29477.55 
29739.03 
30642.46 
6345.29 
6440.42 
7111.49 
7943.74 
98202.32 
102202.32 
104202.32 102202.32 
25437.68 
29045.62 
31252.10 
33744.82 
79174.16 
81174.16 
82174.16 
83174.16 
0.76 
0.77 
0.85 
0.95 
19028.16 
21028.16 
22028.16 
19028.16 
170996.85 
176721.33 
180965.30 181503.56 
12904.00 
14827.76 
16951.97 
19324.78 
-2.58%
-5.30%
6.51%
8.40%
73205.35 
77713.64 
82691.68 
88252.30 
22.92%
1.58%
10.08%
11.80%
257106.20 
269262.73 
280608.95 289080.64 
0.66%
1.50%
10.42%
11.70%
37.55%
40.56%
40.50%
40.63%
17.12%
18.35%
19.02%
19.60%
17061.91 
21964.51 
24088.08 
28818.00 
8.67%
8.29%
8.60%
9.00%
8280.71 
8364.18 
9235.70 
10316.54 
5.02%
4.62%
4.71%
4.99%
11745.84 
15729.11 
17069.11 
18299.11 
66.51%
65.63%
64.49%
62.79%
3491.31 
3532.03 
3589.31 
3616.31 
152.49%
147.32%
139.63%
127.11%
-911.74 
-245.72 
-261.73 
-283.71 
0.71 
0.78 
0.86 
0.91 
-6699.33 
-6043.69 
-5943.19 
-3522.09 
0.70 
0.77 
0.84 
0.90 
1155.12 
628.61 
398.88 
391.84 
0.14 
0.13 
0.13 
0.14 
-26068.19 
-21522.59 
-21163.09 
-20430.27 
179.87 
216.67 
285.54 
245.31 
-26849.86 
-21538.31 
-21194.82 
-20483.98 
2.49 
2.36 
2.36 
2.46 
668.38 
-230.00 
-230.00 
-230.00 
0.76 
0.77 
0.85 
0.95 
113.30 
245.72 
261.73 
283.71 
2.04 
2.63 
2.88 
3.45 
7352.77 
535.85 
-2722.76 
-6999.43 
8.76 
9.30 
9.89 
10.56 
1371.77 
2000.00 
1000.00 
1000.00 
20.70 
21.60 
19.56 
17.51 
6321.31 
2000.00 
1000.00 
1000.00 
1.79 
1.79 
1.68 
1.58 
-340.31 
-3464.15 
-4722.76 
-8999.43 
10.32 
9.48 
8.90 
8.17 
-1686.02 
977.77 
202.23 
1388.30 
3.75 
3.96 
3.72 
3.43 
 
 
