 
 
 
 
 
 
 



 

 

 

 
 
 
 
9162.15 
14174.17 
21123.83 
30636.01 
52.40 
54.70 
49.03 
45.03 
1930.99 
2901.98 
4263.96 
6167.14 
52.87 
50.28 
46.93 
44.63 
63.72 
63.52 
63.08 
62.87 
0.83 
1.25 
1.83 
2.65 
192.59 
128.15 
87.22 
60.30 
 
 
18206.92 
22503.21 
29271.55 
38355.04 
9162.15 
14174.17 
21123.83 
30636.01 
8797.39 
11439.77 
13181.46 
14425.59 
3324.01 
5170.70 
7798.85 
11375.03 
2275.30 
3540.07 
5234.92 
7734.42 
118.05 
188.52 
297.85 
398.27 
26.77 
40.55 
57.50 
80.85 
175.51 
389.79 
667.51 
1096.77 
1240.26 
2089.48 
3424.47 
5221.14 
141.85 
212.61 
591.47 
772.03 
5425.28 
4936.93 
6881.44 
10420.28 
-181.99 
-78.57 
-110.28 
-131.18 
441.91 
456.41 
491.75 
472.75 
-95.61 
-104.50 
-98.01 
-120.30 
10352.58 
10083.87 
9687.25 
9220.55 
0.00 
0.00 
0.00 
0.00 
0.00 
0.00 
0.00 
0.00 
6.80 
7.09 
8.45 
6.13 
537.09 
656.26 
649.89 
667.77 
2788.78 
3835.86 
4988.66 
6982.94 
4122.99 
3714.71 
3340.12 
2868.38 
0.99 
1.00 
1.05 
0.98 
5692.49 
5712.90 
5697.24 
5684.39 
5.35 
0.30 
0.41 
0.25 
28559.49 
32587.08 
38958.80 
47575.58 
2784.43 
3836.56 
4989.30 
6983.67 
4388.21 
5228.26 
7482.30 
10442.68 
67.47 
61.38 
59.87 
62.85 
1800.00 
1800.00 
1800.00 
1800.00 
2716.96 
3775.17 
4929.43 
6920.82 
735.37 
852.05 
1348.48 
2119.26 
785.97 
873.20 
665.47 
753.68 
1852.84 
2576.21 
4333.82 
6523.42 
1930.99 
2901.98 
4263.96 
6167.14 
1519.32 
1524.32 
1583.32 
1578.32 
4003.35 
5311.92 
6508.85 
8538.80 
898.90 
918.90 
943.90 
958.90 
0.83 
1.25 
1.83 
2.65 
620.42 
605.42 
639.42 
619.42 
5907.53 
6752.57 
9065.61 
12020.99 
2401.00 
3274.20 
3939.67 
4693.35 
52.40%
54.70%
49.03%
45.03%
20250.96 
22560.31 
25953.51 
30861.24 
66.04%
37.55%
30.05%
39.98%
28559.49 
32587.08 
38958.80 
47575.58 
52.87%
50.28%
46.93%
44.63%
63.72%
63.52%
63.08%
62.87%
21.08%
20.47%
20.19%
20.13%
977.08 
4534.44 
3804.56 
3748.29 
9.54%
12.86%
16.43%
19.98%
2716.96 
3775.17 
4929.43 
6920.82 
9.93%
12.87%
14.67%
17.63%
1403.36 
1553.93 
1629.82 
1686.30 
20.68%
20.72%
23.27%
25.27%
-40.91 
27.00 
27.00 
27.00 
-26.03%
-33.03%
-34.17%
-32.24%
-6.80 
-7.09 
-8.45 
-6.13 
4.15 
4.30 
3.91 
3.67 
-3171.31 
-926.18 
-2879.51 
-5009.27 
2.53 
2.87 
2.47 
2.13 
75.78 
111.60 
106.27 
129.57 
0.36 
0.46 
0.59 
0.71 
-3988.04 
-1277.44 
-1224.11 
-1212.74 
4.87 
4.87 
4.81 
4.72 
-945.25 
-1225.51 
-1186.66 
-1184.77 
6.29 
6.51 
7.09 
6.56 
0.00 
0.00 
0.00 
0.00 
0.83 
1.25 
1.83 
2.65 
-3042.80 
-51.93 
-37.45 
-27.97 
0.42 
1.95 
1.64 
1.61 
931.70 
-614.62 
-838.76 
-1291.41 
8.71 
9.71 
11.17 
13.28 
1450.00 
0.00 
0.00 
0.00 
192.59 
128.15 
87.22 
60.30 
40.00 
20.00 
25.00 
15.00 
18.36 
16.48 
14.33 
12.05 
-558.30 
-634.62 
-863.76 
-1306.41 
85.50 
68.40 
55.57 
42.21 
-2079.26 
2642.38 
1741.69 
1244.14 
40.59 
26.24 
17.61 
12.14 
 
 
