 
 
 
 
 
 
 
1072.38 
1118.00 
1178.00 
1254.00 
-6.78 
4.25 
5.37 
6.45 
72.10 
77.36 
83.61 
90.52 
-19.92 
7.29 
8.08 
8.26 
15.68 
15.12 
15.11 
15.07 
0.83 
0.89 
0.96 
1.04 
10.27 
9.57 
8.85 
8.18 

 

 


 
 
 
 
 
1572.43 
1533.84 
1631.69 
1723.75 
1072.38  
1118.00  
1178.00  
1254.00  
207.76 
277.23 
275.99 
291.74 
904.27  
949.00  
1000.00  
1065.00  
270.72 
227.63 
249.34 
265.62 
3.90  
3.88  
4.07  
4.38  
34.54 
35.33 
37.90 
40.11 
0.57  
0.43  
0.49  
0.54  
29.99 
26.78 
29.05 
31.37 
22.60  
20.96  
22.94  
24.45  
59.49 
54.26 
57.10 
59.26 
28.64  
15.64  
14.25  
14.28  
969.93 
912.61 
982.30 
1035.64 
-2.00  
-2.00  
-2.00  
-2.00  
825.30 
857.65 
887.78 
914.38 
0.01  
0.00  
0.00  
0.00  
100.19 
127.47 
159.44 
194.25 
8.31  
5.24  
6.13  
6.84  
25.90 
25.04 
24.18 
23.32 
91.44  
96.19  
104.33  
113.15  
317.83 
322.90 
321.66 
314.96 
0.80  
0.00  
0.00  
0.00  
381.38 
382.24 
382.49 
381.84 
0.69  
0.00  
0.00  
0.00  
2397.73 
2391.50 
2519.47 
2638.13 
91.55  
96.19  
104.33  
113.15  
1310.53 
1264.54 
1349.49 
1421.48 
17.90  
17.74  
19.48  
21.21  
8.46 
8.46 
8.46 
8.46 
73.65  
78.45  
84.85  
91.94  
796.47 
763.82 
831.22 
884.69 
1.55  
1.10  
1.24  
1.42  
505.61 
492.26 
509.80 
528.32 
72.10  
77.36  
83.61  
90.52  
580.60 
580.60 
580.60 
580.60 
137.06  
121.04  
128.29  
137.18  
526.57 
526.57 
526.57 
526.57 
0.83  
0.89  
0.96  
1.04  
54.03 
54.03 
54.03 
54.03 
1891.14 
1845.15 
1930.09 
2002.08 
28.23 
29.33 
30.57 
31.99 
-6.78% 
4.25% 
5.37% 
6.45% 
478.37 
517.02 
558.81 
604.06 
-17.24% 
5.20% 
8.46% 
8.45% 
2397.73 
2391.50 
2519.47 
2638.13 
-19.92% 
7.29% 
8.08% 
8.26% 
15.68% 
15.12% 
15.11% 
15.07% 
6.72% 
6.92% 
7.10% 
7.22% 
34.27  
164.27  
94.05  
110.31  
15.07% 
14.96% 
14.96% 
14.98% 
73.65  
78.45  
84.85  
91.94  
7.55% 
7.32% 
7.48% 
7.75% 
23.74  
9.20  
9.71  
9.76  
78.87% 
77.15% 
76.61% 
75.89% 
29.73  
19.80  
19.80  
19.80  
97.25% 
77.46% 
72.01% 
64.25% 
-8.31  
-5.24  
-6.13  
-6.84  
1.20  
1.21  
1.21  
1.21  
-88.29  
56.57  
-19.65  
-9.31  
0.39  
0.43  
0.42  
0.42  
3.77  
5.48  
5.48  
4.97  
0.45  
0.47  
0.48  
0.49  
-101.62  
-36.30  
-33.68  
-29.48  
4.48  
4.49  
4.94  
4.87  
-75.53  
-14.26  
-7.84  
-1.51  
1.16  
1.22  
1.25  
1.24  
-14.86  
-27.27  
-31.98  
-34.81  
0.83  
0.89  
0.96  
1.04  
-11.24  
5.24  
6.13  
6.84  
0.39  
1.89  
1.08  
1.27  
55.11  
-58.57  
-61.62  
-65.07  
5.49  
5.94  
6.42  
6.94  
-23.99  
0.00  
0.00  
0.00  
10.27  
9.57  
8.85  
8.18  
-82.61  
0.00  
0.00  
0.00  
1.55  
1.43  
1.32  
1.23  
161.71  
-58.57  
-61.62  
-65.07  
8.22  
9.61  
9.08  
8.38  
-12.17  
69.47  
-1.25  
15.76  
0.69  
0.66  
0.63  
0.59  
 
 
