 
⚫ 
⚫ 
⚫ 
⚫ 
⚫ 
⚫ 
7586.76 
7865.44 
8333.80 
9007.44 
5.10 
3.67 
5.95 
8.08 
238.12 
240.08 
247.71 
268.43 
23.61 
0.82 
3.18 
8.37 
12.59 
12.44 
12.19 
11.99 
1.46 
1.47 
1.52 
1.65 
7.55 
7.49 
7.26 
6.69 

 

 


 
 
 
 
 
6861.40  
7291.08  
8195.85  
9256.27  
7586.76  
7865.44  
8333.80  
9007.44  
1209.34  
1623.01  
2203.23  
2851.60  
6631.50  
6886.68  
7317.51  
7927.24  
1164.25  
1176.83  
1254.69  
1357.66  
21.70  
25.03  
26.20  
28.01  
561.12  
556.10  
588.12  
641.14  
25.43  
23.28  
25.53  
27.72  
270.35  
285.39  
306.67  
329.47  
187.98  
194.89  
206.49  
223.19  
880.21  
878.70  
940.35  
1021.87  
-11.37  
104.72  
98.02  
84.66  
2776.14  
2771.04  
2902.81  
3054.52  
-17.11  
-0.35  
-0.42  
-0.39  
9981.22  
10211.02  
10428.21  
10644.56  
-10.48  
0.00  
0.00  
0.00  
1134.90  
1281.93  
1425.99  
1570.64  
-8.95  
0.61  
-0.38  
-1.74  
636.63  
692.90  
755.70  
819.99  
363.83  
376.91  
387.42  
418.69  
2100.91  
1984.81  
1853.47  
1720.05  
5.09  
0.00  
0.00  
0.00  
6108.78  
6251.38  
6393.05  
6533.87  
5.29  
0.00  
0.00  
0.00  
16842.63  
17502.10  18624.07  
19900.82  
363.64  
376.91  
387.42  
418.69  
7621.81  
7690.08  
8243.52  
8925.49  
61.40  
68.44  
69.90  
74.90  
490.29  
541.25  
612.55  
686.84  
302.24  
308.47  
317.52  
343.79  
3562.57  
3477.43  
3744.89  
4072.52  
64.13  
68.39  
69.81  
75.36  
3568.95  
3671.40  
3886.09  
4166.12  
238.12  
240.08  
247.71  
268.43  
4629.57  
4910.57  
5161.57  
5412.57  
511.87  
556.69  
565.58  
586.72  
3723.10  
3923.10  
4123.10  
4323.10  
1.46  
1.47  
1.52  
1.65  
906.47  
987.47  
1038.47  
1089.47  
12251.38  
12600.65  13405.10  
14338.06  
1573.90  
1642.29  
1712.10  
1787.46  
5.10% 
3.67% 
5.95% 
8.08% 
3017.34  
3259.16  
3506.86  
3775.30  
16.42% 
3.59% 
2.79% 
8.07% 
16842.63  
17502.10  18624.07  
19900.82  
23.61% 
0.82% 
3.18% 
8.37% 
12.59% 
12.44% 
12.19% 
11.99% 
3.14% 
3.05% 
2.97% 
2.98% 
120.74  
528.77  
709.85  
788.37  
7.89% 
7.37% 
7.06% 
7.11% 
302.24  
308.47  
317.52  
343.79  
3.23% 
3.77% 
3.58% 
3.51% 
130.52  
75.07  
80.14  
83.37  
72.74% 
72.00% 
71.98% 
72.05% 
197.02  
153.09  
162.94  
172.79  
87.49% 
80.29% 
70.46% 
60.30% 
-9.78  
-0.61  
0.38  
1.74  
0.90  
0.95  
0.99  
1.04  
-576.84  
1.56  
157.84  
195.87  
0.39  
0.44  
0.50  
0.55  
77.58  
-8.80  
-8.97  
-9.19  
0.47  
0.46  
0.46  
0.47  
-558.85  
-295.70  
-288.99  
-292.51  
6.81  
6.72  
6.85  
6.90  
-373.87  
-5.18  
-3.59  
-7.78  
2.00  
1.96  
2.03  
2.03  
-124.99  
-293.13  
-287.02  
-285.00  
1.46  
1.47  
1.52  
1.65  
-59.99  
2.61  
1.62  
0.26  
0.74  
3.25  
4.36  
4.84  
503.32  
178.87  
159.35  
152.51  
18.54  
20.02  
21.54  
23.19  
130.00  
50.96  
71.29  
74.30  
7.55  
7.49  
7.26  
6.69  
277.59  
200.00  
200.00  
200.00  
0.60  
0.55  
0.51  
0.48  
95.73  
-72.09  
-111.94  
-121.79  
10.26  
10.30  
9.68  
8.78  
66.95  
413.68  
580.21  
648.37  
0.24  
0.23  
0.22  
0.20  
 
 
