 
⚫ 
⚫ 
⚫ 
⚫ 
⚫ 
⚫ 
⚫ 
⚫ 
⚫ 
⚫ 




  
 
 
 
 
 
 
500.21 
552.63 
632.37 
726.99 
428.37 
473.21 
544.50 
626.37 
98.92 
126.93 
145.50 
170.19 
374.97 
413.59 
475.35 
546.19 
192.25 
197.07 
226.63 
260.56 
1.69 
1.42 
1.63 
1.88 
0.21 
0.23 
0.27 
0.31 
0.06 
0.06 
0.07 
0.09 
20.72 
22.85 
26.26 
30.18 
9.37 
9.46 
10.89 
12.53 
136.01 
149.42 
171.52 
196.51 
-2.82 
-2.07 
-2.53 
-2.90 
52.10 
56.12 
62.20 
69.25 
-0.38 
-0.60 
-0.30 
-0.70 
115.69 
127.34 
139.44 
151.43 
-0.20 
0.00 
0.00 
0.00 
2.37 
3.04 
3.64 
4.17 
0.03 
0.03 
0.03 
0.04 
56.41 
61.21 
65.95 
70.09 
39.21 
43.23 
51.33 
59.93 
16.53 
19.90 
23.75 
27.93 
0.05 
0.05 
0.05 
0.05 
40.38 
43.20 
46.10 
49.24 
0.11 
0.01 
0.01 
0.01 
615.90 
679.97 
771.81 
878.43 
39.15 
43.27 
51.37 
59.97 
382.56 
421.09 
482.61 
553.17 
5.02 
5.55 
6.59 
6.60 
0.00 
0.00 
0.00 
0.00 
34.13 
37.72 
44.79 
53.38 
253.44 
279.54 
321.29 
369.17 
0.19 
0.21 
0.25 
0.03 
129.12 
141.55 
161.32 
184.00 
33.94 
37.51 
44.54 
53.34 
42.83 
42.83 
42.83 
42.83 
47.33 
51.14 
59.52 
68.67 
0.00 
0.00 
0.00 
0.00 
1.23 
1.36 
1.62 
1.94 
42.83 
42.83 
42.83 
42.83 
425.39 
463.92 
525.44 
596.00 
19.74 
19.95 
20.20 
20.23 
-7.37%
10.47%
15.06%
15.03%
170.77 
196.10 
226.17 
262.19 
15.41%
10.25%
18.75%
16.75%
615.90 
679.97 
771.81 
878.43 
12.86%
10.52%
18.73%
19.77%
12.47%
12.60%
12.70%
12.80%
7.92%
7.93%
8.18%
8.52%
-37.42 
61.61 
55.43 
65.32 
19.88%
19.13%
19.69%
20.35%
34.13 
37.72 
44.79 
53.38 
16.74%
16.59%
17.25%
17.96%
10.67 
9.94 
10.68 
11.60 
69.07%
68.23%
68.08%
67.85%
0.05 
0.01 
0.01 
0.01 
-51.69%
-58.55%
-58.88%
-60.11%
-0.03 
-0.03 
-0.03 
-0.04 
1.31 
1.31 
1.31 
1.31 
-79.53 
13.33 
-0.41 
-0.45 
0.78 
0.79 
0.79 
0.79 
-2.71 
0.65 
0.39 
0.82 
0.73 
0.73 
0.75 
0.76 
-14.92 
-21.42 
-22.39 
-23.29 
3.25 
2.43 
2.57 
2.57 
-30.48 
-20.87 
-22.16 
-22.95 
1.63 
1.55 
1.58 
1.58 
0.00 
-0.62 
-0.32 
-0.37 
1.23 
1.36 
1.62 
1.94 
15.55 
0.08 
0.08 
0.04 
-1.36 
2.24 
2.01 
2.37 
-4.47 
-12.19 
-14.47 
-17.33 
6.20 
7.12 
8.21 
9.51 
0.00 
0.00 
0.00 
0.00 
34.33 
31.06 
26.16 
21.84 
0.00 
0.00 
0.00 
0.00 
6.82 
5.94 
5.15 
4.44 
-4.47 
-12.19 
-14.47 
-17.33 
27.45 
20.31 
17.14 
14.50 
-56.80 
28.01 
18.56 
24.69 
2.72 
2.46 
2.14 
1.86 
 
