 · 社会服务行业
 
⚫ 
⚫ 
⚫ 
⚫ 
⚫ 
67540.10  
56492.16  
62141.37  
68355.51  
24.08  
-16.36  
10.00  
10.00  
6713.69  
4262.90  
5131.51  
6719.02  
33.46  
-36.50  
20.38  
30.94  
31.82  
31.00  
31.00  
32.00  
3.25  
2.06  
2.48  
3.25  
18.98  
29.90  
24.84  
18.97  
2.37  
2.33  
2.13  
1.92  
1.89  
2.26  
2.05  
1.86  
 
维持评级 
顾熹闽

 

 
 
 · 社会服务行业
 
 
58456  
59142  
69996  
75955  
67540  
56492  
62141  
68356  
31838  
47186  
60942  
62868  
46049  
38980  
42878  
46482  
139  
96  
177  
116  
1644  
1243  
1367  
1504  
1239  
177  
1634  
310  
9421  
9039  
9321  
9570  
482  
369  
431  
465  
2208  
1808  
2051  
2051  
21057  
7613  
3111  
8495  
-869  
-778  
-880  
-850  
3701  
3701  
3701  
3701  
-638  
-565  
-621  
-684  
20414  
19169  
17924  
16680  
0  
0  
0  
0  
2200  
2200  
2200  
2200  
87  
56  
62  
68  
6292  
5048  
3803  
2558  
8677  
5800  
6963  
9114  
2128  
2128  
2128  
2128  
11  
10  
10  
10  
9794  
9794  
9794  
9794  
43  
20  
20  
20  
78869  
78311  
87921  
92635  
8646  
5790  
6953  
9104  
15329  
13436  
17344  
14593  
1379  
1042  
1252  
1639  
369  
348  
328  
-207  
7266  
4748  
5702  
7466  
6366  
5059  
8448  
5694  
553  
485  
570  
747  
8593  
8028  
8569  
9106  
6714  
4263  
5132  
6719  
4359  
4359  
4359  
4359  
8983  
6775  
7887  
10124  
2522  
2522  
2522  
2522  
3.25  
2.06  
2.48  
3.25  
1837  
1837  
1837  
1837  
19688  
17795  
21703  
18952  
5348  
5833  
6403  
7149  
24.08% 
-16.36% 
10.00% 
10.00% 
53834  
54683  
59815  
66534  
13.88% 
-33.16% 
20.05% 
30.89% 
78869  
78311  
87921  
92635  
33.46% 
-36.50% 
20.38% 
30.94% 
31.82% 
31.00% 
31.00% 
32.00% 
9.94% 
7.55% 
8.26% 
9.83% 
15126  
18753  
13742  
2405  
12.47% 
7.80% 
8.58% 
10.10% 
7266  
4748  
5702  
7466  
9.99% 
6.88% 
7.61% 
9.28% 
1310  
1245  
1245  
1245  
24.96% 
22.72% 
24.68% 
20.46% 
298  
18  
17  
3  
-44.70% 
-69.11% 
-83.97% 
-78.80% 
-87  
-56  
-62  
-68  
3.81  
4.40  
4.04  
5.21  
5957  
12224  
6210  
-6933  
2.17  
3.53  
3.62  
4.34  
383  
575  
631  
694  
0.86  
0.72  
0.71  
0.74  
-4716  
46  
52  
58  
486.46  
586.19  
351.55  
588.58  
-1801  
-10  
-10  
-10  
10.61  
11.17  
7.36  
12.01  
-2923  
0  
0  
0  
3.25  
2.06  
2.48  
3.25  
9  
56  
62  
68  
7.31  
9.06  
6.64  
1.16  
-4628  
-3453  
-38  
-538  
26.02  
26.43  
28.91  
32.16  
-1563  
-21  
-21  
-535  
18.98  
29.90  
24.84  
18.97  
13  
0  
0  
0  
2.37  
2.33  
2.13  
1.92  
-3078  
-3432  
-17  
-3  
16.33  
12.64  
9.11  
6.85  
5990  
15347  
13757  
1926  
1.89  
2.26  
2.05  
1.86  
 · 社会服务行业
 
