 
⚫ 
⚫ 
⚫ 
⚫ 
⚫ 
⚫ 
4060.32 
4482.06 
5085.57 
5690.85 
10.82 
10.39 
13.46 
11.90 
79.86 
89.57 
100.02 
111.60 
2.07 
12.16 
11.67 
11.57 
12.64 
12.26 
12.40 
12.30 
0.19 
0.21 
0.24 
0.27 
10.81 
9.63 
8.63 
7.73 

 

 


 
 
 
 
 
4260.70  
4269.80  
4537.08  
5116.05  
4060.32  
4482.06  
5085.57  
5690.85  
772.89  
494.23  
267.18  
380.35  
3547.27  
3932.78  
4454.79  
4990.85  
782.18  
865.33  
969.18  
1080.07  
14.16  
17.36  
19.05  
21.56  
308.21  
323.61  
366.25  
404.51  
19.00  
20.87  
23.72  
26.52  
348.19  
381.31  
433.71  
485.23  
147.52  
164.52  
186.04  
208.41  
679.58  
753.05  
853.15  
955.76  
46.80  
57.97  
70.59  
81.40  
1369.66  
1452.27  
1647.63  
1810.14  
-9.08  
-0.39  
-0.69  
-0.59  
3570.86  
4070.75  
4557.00  
4721.46  
3.31  
0.00  
0.00  
0.00  
465.49  
512.48  
563.31  
612.87  
3.21  
6.43  
6.20  
7.34  
575.80  
798.29  
957.26  
854.50  
140.46  
156.85  
175.24  
195.49  
824.64  
921.35  
1034.69  
1142.49  
3.09  
0.00  
0.00  
0.00  
1704.93  
1838.62  
2001.74  
2111.60  
3.44  
0.00  
0.00  
0.00  
7831.56  
8340.55  
9094.08  
9837.50  
140.11  
156.85  
175.24  
195.49  
4170.09  
4554.03  
5168.40  
5756.87  
27.55  
33.00  
36.07  
40.54  
350.15  
445.84  
541.19  
636.65  
112.56  
123.84  
139.17  
154.95  
2033.25  
2181.36  
2498.41  
2788.78  
32.69  
34.27  
39.15  
43.35  
1786.68  
1926.83  
2128.79  
2331.44  
79.86  
89.57  
100.02  
111.60  
1778.95  
1778.95  
1778.95  
1778.95  
255.19  
315.24  
292.48  
320.44  
1579.44  
1579.44  
1579.44  
1579.44  
0.19  
0.21  
0.24  
0.27  
199.51  
199.51  
199.51  
199.51  
5949.03  
6332.98  
6947.34  
7535.81  
777.88  
812.15  
851.31  
894.66  
10.82% 
10.39% 
13.46% 
11.90% 
1104.65  
1195.41  
1295.43  
1407.03  
2.14% 
11.67% 
11.73% 
11.55% 
7831.56  
8340.55  
9094.08  
9837.50  
2.07% 
12.16% 
11.67% 
11.57% 
12.64% 
12.26% 
12.40% 
12.30% 
1.97% 
2.00% 
1.97% 
1.96% 
94.86  
292.14  
282.02  
296.80  
7.23% 
7.49% 
7.72% 
7.93% 
112.56  
123.84  
139.17  
154.95  
3.48% 
3.85% 
4.20% 
4.48% 
73.91  
100.42  
46.64  
43.55  
75.96% 
75.93% 
76.39% 
76.60% 
46.80  
85.03  
87.89  
90.75  
81.49% 
95.06% 
103.91% 
96.15% 
-3.21  
-6.43  
-6.20  
-7.34  
1.02  
0.94  
0.88  
0.89  
-159.33  
-20.95  
0.01  
5.35  
0.46  
0.39  
0.32  
0.34  
24.13  
10.23  
14.50  
9.54  
0.56  
0.55  
0.58  
0.60  
-415.28  
-582.65  
-516.53  
-188.33  
5.37  
5.44  
5.54  
5.55  
-304.84  
-525.56  
-424.18  
-153.19  
1.92  
1.87  
1.90  
1.89  
-107.42  
-62.91  
-97.82  
-43.13  
0.19  
0.21  
0.24  
0.27  
-3.02  
5.82  
5.46  
7.99  
0.23  
0.70  
0.68  
0.71  
360.51  
10.67  
7.46  
4.71  
2.65  
2.87  
3.11  
3.37  
94.65  
95.69  
95.35  
95.46  
10.81  
9.63  
8.63  
7.73  
258.21  
0.00  
0.00  
0.00  
0.78  
0.72  
0.67  
0.61  
7.65  
-85.03  
-87.89  
-90.75  
9.44  
8.79  
10.58  
9.60  
41.27  
-278.65  
-227.06  
113.17  
0.21  
0.19  
0.17  
0.15  
 
 
