 
 
1 
 
 
 
曾帅 
分析师 
SAC 执业证书：S0640522050001 
联系电话： 
邮箱：zengshuai@avicsec.com 
◆ 
◆ 
◆ 
◆ 
◆ 
2022
2023 
2024E
2025E 
2026E
 
 
 
 
 
资产负债表 
  
  
  
 
  
 
利润表 
  
  
 
会计年度 
2022 
2023 
2024E 
2025E 
2026E 
 
会计年度 
2022 
2023 
2024E 
2025E 
2026E 
货币资金 
15038.9
17129.2
20532.3
23729.8
29972.5
 
营业收入 
55353.14  
60676.61  
69265.68  
76880.03  
82570.35  
应收票据及应收
11352.0
11866.7
15069.9
16536.3
18556.0
 
营业成本 
45244.94  
49253.17  
56831.40  
62687.52  
67473.99  
预付账款 
5485.31  7919.04  2184.32  10004.9
4052.16   
营业税金及附加 
325.82  
303.47  
332.48  
361.34  
388.08  
存货 
18455.2
18136.5
23539.7
28699.8
30527.3
 
销售费用 
1483.43  
1587.51  
1697.01  
1868.18  
2006.46  
其他 
6392.87  8217.76  15921.6
23770.8
18671.2
 
管理费用 
3116.97  
3403.90  
3532.55  
3844.00  
4128.52  
流动资产合计 
56724.4
63269.3
77247.9
102741.
101779.
 
研发费用 
2274.63  
2749.53  
2909.16  
3152.08  
3302.81  
长期股权投资 
2398.32  1783.08  2033.08  2283.08  2533.08   
财务费用 
(97.81) 
7.45  
(63.13) 
(85.22) 
(120.65) 
固定资产 
4876.16  5034.90  5331.85  5578.80  5775.75   
资产/信用减值损失 
(203.03) 
(671.59) 
(482.40) 
(452.34) 
(535.45) 
在建工程 
375.88  
789.08  
789.08  
789.08  
789.08   
公允价值变动收益 
(61.54) 
85.06  
254.64  
(114.88) 
(8.29) 
无形资产 
1767.08  1852.49  1731.16  1609.83  1488.50   
投资净收益 
483.63  
776.39  
430.83  
563.62  
590.28  
其他 
38437.7
35959.4
39616.6
37247.0
38370.5
 
其他 
(534.77) 
(794.96) 
0.00  
0.00  
0.00  
非流动资产合计 
47855.1
45419.0
49501.8
47507.8
48956.9
 
营业利润 
3320.87  
3976.68  
4229.29  
5048.52  
5437.69  
资产总计 
115265.
121108.
126749.
150249.
150736.
 
营业外收入 
56.54  
71.41  
55.00  
60.98  
62.46  
短期借款 
103.24  
110.17  
100.00  
100.00  
100.00   
营业外支出 
52.43  
41.93  
45.66  
46.67  
44.75  
应付票据及账款 
27376.6
33198.3
23948.7
41176.5
30795.6
 
利润总额 
3324.97  
4006.16  
4238.63  
5062.83  
5455.40  
其他 
7752.63  5768.65  48191.1
51737.7
58903.7
 
所得税 
314.62  
362.45  
400.55  
470.84  
501.90  
流动负债合计 
35232.4
39077.1
72239.8
93014.3
89799.4
 
净利润 
3010.36  
3643.71  
3838.08  
4591.99  
4953.50  
长期借款 
951.11  1383.43  1500.00  1500.00  1500.00   
少数股东损益 
155.71  
93.32  
99.79  
114.80  
123.84  
其他 
8264.82  7255.98  8565.00  8028.60  7949.86   
归属于母公司净利润 
2854.65  
3550.39  
3738.29  
4477.19  
4829.66  
非流动负债合计 
9215.93  8639.40  10065.0
9528.60  9449.86   
每股收益（元） 
0.92  
1.14  
1.20  
1.44  
1.55  
负债合计 
76640.1
79888.5
82304.8
102542.
99249.2
 
 
 
 
 
 
少数股东权益 
3643.40  3974.98  4057.80  4138.91  4234.04   
 
 
 
 
 
 
股本 
3118.81  3118.53  3118.53  3118.53  3118.53   
 
 
 
 
 
 
资本公积 
11644.9
11566.0
11566.0
11566.0
11566.0
 
 
 
 
 
 
 
留存收益 
20200.5
22675.0
25777.7
28940.7
32651.0
 
 
 
 
 
 
 
其他 
17.14  (114.65
(75.25) 
(57.59) 
(82.50) 
 
  
 
 
 
 
 
股东权益合计 
38624.8
41219.8
44444.8
47706.6
51487.1
 
主要财务比率 
  
  
 
  
  
负债和股东权益
115265.
121108.
126749.
150249.
150736.
 
会计年度 
2022 
2023 
2024E 
2025E 
2026E 
 
 
 
 
 
 
 
成长能力 
  
  
 
  
  
 
 
 
 
 
 
 
营收增长率 
15.76% 
9.62% 
14.16% 
10.99% 
7.40% 
  
  
  
  
  
  
 
营业利润增长率 
24.93% 
19.75% 
6.35% 
19.37% 
7.71% 
现金流量表 
  
  
  
  
  
 
归母净利润增长率 
24.71% 
24.37% 
5.29% 
19.77% 
7.87% 
会计年度 
2022 
2023 
2024E 
2025E 
2026E 
 
盈利能力 
 
 
 
 
 
经营净利润 
3010.36  3643.71  3738.29  4477.19  4829.66   
毛利率 
18.26% 
18.83% 
17.95% 
18.46% 
18.28% 
折旧与摊销 
762.72  
762.05  
824.38  
874.38  
924.38   
净利率 
5.16% 
5.85% 
5.40% 
5.82% 
5.85% 
财务费用 
(73.79) 
7.45  (63.13) 
(85.22) 
(120.65
 
ROE 
8.16% 
9.53% 
9.26% 
10.28% 
10.22% 
投资损失 
(480.56
(748.15
(420.00
(549.57
(572.57
 
 
 
 
 
 
 
营运资金变动 
(4678.8
(9740.8
(1209.7
274.06  2704.76   
 
 
 
 
 
 
其它现金流 
9870.18  2579.87  
354.43  
(0.08) 
115.54   
每股指标（元） 
 
 
 
 
 
经营活动现金流 
8410.12  (3495.8
3224.22  4990.76  7881.12   
每股收益 
0.92  
1.14  
1.20  
1.44  
1.55  
资本支出 
899.85  1812.24  (309.02
1536.40  1078.74   
每股经营现金流 
2.70  
(1.12) 
1.03  
1.60  
2.53  
长期投资 
108.73  (615.24
250.00  
250.00  
250.00   
每股净资产 
11.22  
11.95  
12.95  
13.97  
15.15  
其他 
(14194.
4857.99  
649.40  (2416.5
(1849.5
 
估值倍数 
 
 
 
 
 
投资活动现金流 
(13186.
6054.99  
590.38  (630.10
(520.81
 
市盈率 
14.44  
11.61  
11.02  
9.21  
8.53  
债权融资 
68.94  
121.96  
201.52  
167.17  
55.36   
市净率 
1.18  
1.11  
1.02  
0.95  
0.87  
股权融资 
(698.22
(1691.8
(613.07
(1330.2
(1172.9
 
EV/EBIT 
2.26  
(0.38) 
(2.41) 
(2.23) 
(3.13) 
其他 
512.27  1072.76  
0.00  
0.00  
0.00   
EV/EBITDA 
2.54  
(0.42) 
(2.80) 
(2.56) 
(3.58) 
筹资活动现金流 
(117.01
(497.10
(411.54
(1163.1
(1117.6
 
 
 
 
 
 
 
汇率变动影响 
3.07  
28.24  
10.83  
14.05  
17.71   
 
 
 
 
 
 
现金净增加额 
(4890.0
2090.26  3413.89  3211.61  6260.39   
 
 
 
 
 
 
 
 
 
 
 
 
 
 
 
 
 
 
 
数据来源：iFinD，中航证券研究所 
 
 
 
  
 
 
 
 
 
 
 
