 
⚫ 
⚫ 
⚫ 
⚫ 
⚫ 
⚫ 
77272.06 
81789.53 
86537.87 
96171.81 
3.09 
5.85 
5.81 
11.13 
8777.34 
9913.75 
10215.03 
11274.38 
-17.38 
12.95 
3.04 
10.37 
42.91 
41.30 
40.35 
39.59 
0.43 
0.48 
0.50 
0.55 
21.25 
18.82 
18.26 
16.55 
1.69 
1.58 
1.50 
1.42 
2.41 
2.28 
2.16 
1.94 

 

 



 
 
 
 
 
 
 
84181.68 
81587.30 
82774.63 
90381.75 
77272.06 
81789.53 
86537.87 
96171.81 
19738.02 
12877.35 
9869.22 
9398.78 
44115.70 
48007.86 
51619.89 
58100.73 
24650.95 
25938.80 
27374.22 
30363.52 
1076.74 
1087.80 
1107.68 
1182.91 
2092.53 
2215.13 
2343.73 
2604.65 
62.49 
81.79 
86.54 
91.36 
2743.42 
3000.49 
3226.24 
3631.30 
4027.04 
4171.27 
4326.89 
4712.42 
30860.06 
33431.76 
35819.97 
40208.76 
6843.60 
7191.84 
7613.55 
8046.24 
4096.71 
4123.77 
4141.24 
4174.74 
-498.57 
-150.97 
-138.49 
-144.73 
575557.49 
671206.97 
726216.00 772084.36 
0.00 
0.00 
0.00 
0.00 
8411.16 
9111.16 
9711.16 
10211.16 
410.73 
433.48 
458.65 
480.86 
299236.83 
347512.82 
392813.82 439981.48 
22382.02 
22979.80 
23683.48 
26157.73 
6161.84 
6651.40 
7116.59 
7514.00 
260.00 
250.00 
250.00 
250.00 
261747.66 
307931.59 
316574.43 314377.72 
78.11 
75.00 
75.00 
75.00 
659739.17 
752794.27 
808990.63 
862466.11 
22563.91 
23154.80 
23858.48 
26332.73 
101743.12 
117023.32 
125324.71 136268.09 
6010.82 
3991.15 
4112.44 
4538.92 
29075.73 
34939.47 
40660.08 
46494.35 
16553.10 
19163.65 
19746.04 
21793.81 
25082.03 
27337.81 
29394.66 
33085.14 
7775.75 
9249.91 
9531.01 
10519.43 
47585.36 
54746.04 
55269.97 
56688.60 
8777.34 
9913.75 
10215.03 
11274.38 
348628.09 
409251.45 
441251.45 466251.45 
47337.91 
53105.64 
57344.53 
63532.81 
304303.90 
339303.90 
351303.90 376303.90 
0.43 
0.48 
0.50 
0.55 
44324.20 
69947.55 
89947.55 
89947.55 
450371.21 
526274.77 
566576.15 602519.54 
99150.93 
108400.84 
117931.85 
128451.28 
3.09%
5.85%
5.81%
11.13%
110217.03 
118118.67 
124482.63 131495.29 
-1.17%
2.67%
3.06%
10.45%
659739.17 
752794.27 
808990.63 
862466.11 
-17.38%
12.95%
3.04%
10.37%
42.91%
41.30%
40.35%
39.59%
11.36%
12.12%
11.80%
11.72%
40720.53 
47333.38 
51107.90 
55439.92 
7.96%
8.39%
8.21%
8.57%
16553.10 
19163.65 
19746.04 
21793.81 
3.59%
3.71%
3.56%
3.65%
18309.57 
22759.00 
25872.50 
29153.84 
68.27%
69.91%
70.03%
69.86%
6984.24 
7468.17 
7780.96 
8164.67 
173.92%
193.55%
197.66%
196.38%
-410.73 
-433.48 
-458.65 
-480.86 
0.83 
0.70 
0.66 
0.66 
-1333.54 
-1654.62 
-1827.99 
-3188.00 
0.46 
0.35 
0.32 
0.31 
617.89 
30.65 
-4.96 
-3.54 
0.13 
0.12 
0.11 
0.12 
-94944.65 -117788.67 -80204.61 
-74318.25 
3.36 
3.23 
3.25 
3.33 
-90707.40 -112576.89 -80063.26 
-74299.11 
1.95 
1.83 
1.82 
1.86 
-3144.48 
-700.00 
-600.00 
-500.00 
0.43 
0.48 
0.50 
0.55 
-1092.76 
-4511.78 
458.65 
480.86 
1.98 
2.30 
2.48 
2.70 
64489.63 
63596.91 
26088.59 
18407.88 
5.36 
5.74 
6.05 
6.39 
9211.38 
5863.74 
5720.61 
5834.27 
21.25 
18.82 
18.26 
16.55 
59450.53 
35000.00 
12000.00 
25000.00 
1.69 
1.58 
1.50 
1.42 
-4172.28 
22733.17 
8367.98 
-12426.39 
11.85 
11.77 
11.61 
10.97 
10247.40 
-6860.67 
-3008.13 
-470.45 
2.41 
2.28 
2.16 
1.94 
 
 
