 
⚫ 
⚫ 
⚫ 
⚫ 
⚫ 
56,474 
53,975 
59,912 
65,903 
-16.4% 
-4.4% 
11.0% 
10.0% 
4,267 
3,881 
4,747 
5,483 
-36.4% 
-9.0% 
22.3% 
15.5% 
32.0% 
32.0% 
32.1% 
32.2% 
2.06 
1.88 
2.29 
2.65 
35.44 
38.97 
31.86 
27.58 
2.74 
2.65 
2.52 
2.40 
2.68 
2.80 
2.52 
2.29 
 
维持评级 
顾熹闽

 

 
 
 · 社会服务行业
 
 
55,960 
61,536 
66,677 
72,917 
56,474 
53,975 
59,912 
65,903 
34,817 
38,676 
43,863 
47,618 
38,385 
36,703 
40,680 
44,683 
67 
108 
105 
108 
1,268 
1,211 
1,345 
1,479 
913 
906 
1,024 
1,100 
9,063 
8,258 
8,867 
9,556 
839 
520 
630 
767 
1,989 
2,699 
2,696 
2,900 
17,348 
19,349 
19,078 
21,348 
20 
76 
52 
58 
1,976 
1,976 
1,976 
1,976 
-923 
-801 
-890 
-1,009 
20,300 
18,983 
17,663 
16,345 
-742 
-540 
-599 
-659 
3,670 
3,670 
3,670 
3,670 
0 
0 
0 
0 
6,088 
5,701 
5,030 
4,223 
248 
309 
285 
326 
1,940 
1,752 
1,571 
1,395 
6,178 
5,598 
6,848 
7,904 
8,602 
7,860 
7,392 
7,057 
9 
11 
10 
10 
76,260 
80,518 
84,340 
89,262 
39 
32 
38 
36 
10,969 
12,732 
13,056 
14,037 
6,148 
5,577 
6,820 
7,878 
233 
233 
233 
233 
1,286 
1,166 
1,426 
1,647 
4,685 
5,589 
5,594 
6,134 
4,862 
4,411 
5,394 
6,230 
6,052 
6,911 
7,229 
7,671 
595 
529 
647 
748 
4,343 
4,343 
4,343 
4,343 
4,267 
3,881 
4,747 
5,483 
2,567 
2,567 
2,567 
2,567 
 
 
 
 
1,776 
1,776 
1,776 
1,776 
 
 
 
 
15,312 
17,075 
17,399 
18,380 
5,852 
6,381 
7,028 
7,776 
55,097 
57,063 
59,912 
63,106 
-16.4% 
-4.4% 
11.0% 
10.0% 
76,260 
80,518 
84,340 
89,262 
-28.8% 
-9.4% 
22.3% 
15.4% 
 
 
 
-36.4% 
-9.0% 
22.3% 
15.5% 
32.0% 
32.0% 
32.1% 
32.2% 
8.6% 
8.2% 
9.0% 
9.5% 
7,939 
5,458 
6,787 
5,736 
7.7% 
6.8% 
7.9% 
8.7% 
4,862 
4,411 
5,394 
6,230 
6.3% 
5.5% 
6.5% 
7.1% 
1,543 
1,101 
1,111 
1,109 
20.1% 
21.2% 
20.6% 
20.6% 
48 
0 
0 
0 
25.1% 
26.9% 
26.0% 
25.9% 
-64 
-97 
-84 
-95 
5.10 
4.83 
5.11 
5.19 
808 
-933 
-327 
-2,142 
3.26 
3.12 
3.45 
3.48 
742 
977 
694 
633 
0.73 
0.69 
0.73 
0.76 
-454 
316 
297 
308 
549.80 
617.54 
562.95 
618.94 
-1,118 
219 
213 
213 
6.95 
7.15 
7.28 
7.62 
247 
0 
0 
0 
2.06 
1.88 
2.29 
2.65 
416 
97 
84 
95 
3.84 
2.64 
3.28 
2.77 
-4,367 
-1,915 
-1,897 
-2,289 
26.63 
27.58 
28.96 
30.50 
-137 
0 
0 
0 
35.44 
38.97 
31.86 
27.58 
45 
0 
0 
0 
2.74 
2.65 
2.52 
2.40 
-4,275 
-1,915 
-1,897 
-2,289 
17.96 
20.03 
15.98 
13.63 
3,021 
3,859 
5,187 
3,755 
2.68 
2.80 
2.52 
2.29 
 
 
 
 
 
  
  
  
 · 社会服务行业
 
 
