 
⚫ 
⚫ 
⚫ 
⚫ 
⚫ 
⚫ 
56473.85  
55927.24  
62079.23  
68287.16  
-16.38  
-0.97  
11.00  
10.00  
4267.11  
4478.23  
5062.73  
5640.31  
-36.44  
4.95  
13.05  
11.41  
32.03  
32.10  
32.10  
32.20  
2.06  
2.16  
2.45  
2.73  
34.62  
32.99  
29.18  
26.19  
2.68  
2.57  
2.37  
2.17  
2.62  
2.64  
2.38  
2.16  
 
维持评级 
顾熹闽

 


 
 
 · 社会服务行业
 
 
55960.44  
59440.81  
67903.08  74514.69  
56473.85  
55927.24  
62079.23  
68287.16  
34817.32  
40244.50  
45741.26  
54049.26  
38385.15  
37974.59  
42151.80  
46298.69  
66.60  
169.42  
82.07  
189.00  
1267.83  
1230.40  
1365.74  
1502.32  
913.12  
664.75  
1351.35  
897.45  
9062.90  
8948.36  
9311.89  
10243.07  
838.80  
538.38  
653.28  
795.22  
1989.49  
1789.67  
2048.61  
2048.61  
17348.38  
15847.54  
18098.90  
16607.53  
-923.10  
-880.05  
-816.75  
-729.03  
1976.22  
1976.22  
1976.22  
1976.22  
-741.90  
-559.27  
-620.79  
-682.87  
20299.94  
19044.51  
17789.08  
16533.65  
0.00  
0.00  
0.00  
0.00  
3669.71  
3669.71  
3669.71  
3669.71  
63.81  
0.00  
0.00  
0.00  
6088.44  
4833.01  
3577.59  
2322.16  
6177.95  
6277.02  
7366.11  
8206.47  
1939.82  
1939.82  
1939.82  
1939.82  
9.02  
0.00  
0.00  
0.00  
8601.96  
8601.96  
8601.96  
8601.96  
38.83  
0.00  
0.00  
0.00  
76260.37  
78485.31  
85692.15  91048.34  
6148.14  
6277.02  
7366.11  
8206.47  
10969.03  
10219.12  
11606.73  
10479.80  
1285.65  
1129.86  
1546.88  
1723.36  
232.63  
-617.17  
-1466.97  
-2079.10  
4862.49  
5147.16  
5819.23  
6483.11  
4684.88  
3753.92  
5613.15  
4675.45  
595.38  
668.93  
756.50  
842.80  
6051.52  
7082.36  
7460.55  
7883.45  
4267.11  
4478.23  
5062.73  
5640.31  
4343.00  
4343.00  
4343.00  
4343.00  
6709.76  
7211.68  
8425.58  
9415.74  
2567.05  
2567.05  
2567.05  
2567.05  
2.06  
2.16  
2.45  
2.73  
1775.96  
1775.96  
1775.96  
1775.96  
 
 
 
 
15312.04  
14562.12  
15949.73  14822.81  
5851.63  
6520.56  
7277.06  
8119.87  
55096.71  
57402.63  
62465.36  
68105.67  
-16.38% 
-0.97% 
11.00% 
10.00% 
76260.37  
78485.31  
85692.15  91048.34  
-28.80% 
1.60% 
17.35% 
11.41% 
 
 
 
-36.44% 
4.95% 
13.05% 
11.41% 
32.03% 
32.10% 
32.10% 
32.20% 
7.56% 
8.01% 
8.16% 
8.26% 
7939.33  
8439.67  
6294.46  
8831.48  
7.74% 
7.80% 
8.10% 
8.28% 
4862.49  
5147.16  
5819.23  
6483.11  
6.18% 
7.16% 
7.74% 
8.15% 
1542.54  
1255.43  
1255.43  
1255.43  
20.08% 
18.55% 
18.61% 
16.28% 
48.04  
-9.61  
-52.10  
-88.65  
-48.66% 
-56.22% 
-60.62% 
-67.17% 
-63.81  
0.00  
0.00  
0.00  
5.10  
5.82  
5.85  
7.11  
807.85  
1487.42  
-1348.88  
498.72  
3.26  
4.02  
4.06  
5.26  
742.21  
559.27  
620.79  
682.87  
0.74  
0.71  
0.72  
0.75  
-454.30  
0.00  
0.00  
0.00  
848.02  
330.11  
756.38  
361.30  
-1118.18  
0.00  
0.00  
0.00  
12.05  
14.90  
11.06  
14.61  
247.46  
0.00  
0.00  
0.00  
2.06  
2.16  
2.45  
2.73  
416.42  
0.00  
0.00  
0.00  
3.84  
4.08  
3.04  
4.27  
-4367.07  
-3012.49  
-797.70  
-523.48  
26.63  
27.75  
30.19  
32.92  
-136.80  
-849.80  
-849.80  
-612.13  
34.62  
32.99  
29.18  
26.19  
44.77  
0.00  
0.00  
0.00  
2.68  
2.57  
2.37  
2.17  
-4275.04  
-2162.69  
52.10  
88.65  
16.24  
15.50  
12.52  
10.25  
3020.97  
5427.18  
5496.76  
8308.00  
2.62  
2.64  
2.38  
2.16  
 
 
 
 
 
  
  
  
 · 社会服务行业
 
 
