 
 
 
 
 

 


 
 
 
 
 
 
 
2156.91 
2289.57 
2465.18 
2690.51 
0.81 
6.15 
7.67 
9.14 
114.03 
123.33 
138.94 
152.54 
26.51 
8.15 
12.65 
9.79 
22.43 
21.85 
22.09 
21.97 
1.31 
1.42 
1.59 
1.75 
11.57 
10.70 
9.50 
8.65 
1.52 
1.37 
1.24 
1.12 
0.61 
0.58 
0.54 
0.49 
 
 
 
 
 
1847.50 2081.92 2373.90 2705.73 
2156.91 2289.57 2465.18 2690.51 
720.67 
902.76 
1148.79 1403.56 
1673.05 1789.23 1920.65 2099.32 
308.77 
289.27 
310.21 
337.68 
7.07 
7.47 
8.16 
8.85 
13.56 
13.98 
14.86 
16.41 
124.85 
131.64 
141.12 
154.53 
13.68 
16.28 
17.15 
18.60 
102.59 
105.81 
114.21 
125.10 
356.75 
381.60 
396.48 
423.86 
2.31 
-6.93 
-10.57 
-15.49 
434.06 
478.02 
486.41 
505.62 
-10.68 
-11.00 
-11.00 
-11.00 
1591.30 1595.03 1545.87 1495.52 
1.23 
0.00 
0.00 
0.00 
49.15 
49.15 
49.15 
49.15 
4.21 
5.42 
5.96 
6.25 
473.03 
469.10 
449.71 
422.13 
174.28 
177.75 
204.16 
224.18 
222.05 
207.78 
193.01 
177.73 
3.14 
3.59 
3.51 
3.48 
847.06 
869.01 
854.01 
846.51 
4.21 
2.89 
3.10 
3.21 
3438.79 3676.95 3919.77 4201.25 
173.22 
178.46 
204.57 
224.44 
1548.39 1610.32 1715.71 1846.44 
30.44 
26.42 
32.15 
35.29 
17.42 
17.42 
17.42 
17.42 
142.78 
152.04 
172.42 
189.15 
580.33 
615.06 
665.12 
725.41 
28.74 
28.71 
33.48 
36.62 
950.65 
977.84 1033.17 1103.61 
114.03 
123.33 
138.94 
152.54 
670.81 
720.90 
720.90 
720.90 
298.33 
314.74 
348.16 
374.30 
85.17 
85.17 
85.17 
85.17 
1.31 
1.42 
1.59 
1.75 
585.65 
635.74 
635.74 
635.74 
2219.21 2331.22 2436.61 2567.34 
352.62 
381.33 
414.81 
451.42 
0.81%
6.15% 
7.67%
9.14% 
866.96 
964.40 1068.36 1182.48 
35.05%
1.99% 
14.86%
9.80% 
3438.79 3676.95 3919.77 4201.25 
26.51%
8.15% 
12.65%
9.79% 
22.43%
21.85% 
22.09%
21.97% 
5.29%
5.39% 
5.64%
5.67% 
260.94 
298.85 
385.68 
407.55 
13.15%
12.79% 
13.00%
12.90% 
142.78 
152.04 
172.42 
189.15 
8.54%
8.16% 
8.48%
8.47% 
127.26 
143.21 
154.16 
165.35 
64.53%
63.40% 
62.16%
61.11% 
39.88 
7.48 
7.48 
7.48 
-23.64%
-34.02% -47.46%
-58.67% 
-4.21 
-5.42 
-5.96 
-6.25 
1.19 
1.29 
1.38 
1.47 
-56.48 
-11.37 
42.44 
36.68 
0.88 
0.96 
1.06 
1.15 
11.71 
12.92 
15.14 
15.13 
0.64 
0.64 
0.65 
0.66 
-289.11 
-145.00 
-97.19 
-106.89 
7.90 
7.66 
8.22 
8.31 
-66.00 
-93.26 
-103.14 
-113.13 
2.83 
2.99 
3.00 
3.02 
-224.60 
0.00 
0.00 
0.00 
1.31 
1.42 
1.59 
1.75 
1.49 
-51.74 
5.96 
6.25 
2.99 
3.43 
4.43 
4.68 
-138.38 
21.97 
-42.47 
-45.89 
9.95 
11.07 
12.26 
13.57 
-1.40 
0.00 
0.00 
0.00 
11.57 
10.70 
9.50 
8.65 
-95.56 
0.00 
0.00 
0.00 
1.52 
1.37 
1.24 
1.12 
-41.42 
21.97 
-42.47 
-45.89 
3.04 
2.74 
1.77 
0.96 
-166.66 
182.09 
246.03 
254.77 
0.61 
0.58 
0.54 
0.49 
 
 
