 · 社会服务行业
 
⚫ 
⚫ 
⚫ 
⚫ 
⚫ 
⚫ 
56473.85  
61576.45  
68349.86  
75184.85  
-16.38  
9.04  
11.00  
10.00  
4267.11  
4867.14  
5367.80  
6126.29  
-36.44  
14.06  
10.29  
14.13  
32.03  
32.10  
32.10  
32.20  
2.06  
2.35  
2.59  
2.96  
30.74  
26.95  
24.44  
21.41  
2.38  
2.19  
2.01  
1.84  
2.32  
2.13  
1.92  
1.74  
 
维持评级 
顾熹闽

 

 
 
 · 社会服务行业
 
 
55960.44  
67351.59  
71522.62  
83827.31  
56473.85  
61576.45  
68349.86  
75184.85  
34817.32  
50371.55  
69149.26  
65154.53  
38385.15  
41810.41  
46409.56  
50975.33  
66.60  
193.26  
83.64  
214.82  
1267.83  
1354.68  
1503.70  
1654.07  
913.12  
824.13  
1395.61  
1080.34  
9062.90  
9852.23  
10662.58  
11653.65  
838.80  
592.76  
719.27  
875.55  
1989.49  
1970.45  
2255.55  
2255.55  
17348.38  
13393.66  
-1801.38  
14525.85  
-923.10  
-880.05  
-1009.16  
-1056.74  
1976.22  
1976.22  
1976.22  
1976.22  
-741.90  
-615.76  
-683.50  
-751.85  
20299.94  
19044.51  
17789.08  
16533.65  
0.00  
0.00  
0.00  
0.00  
3669.71  
3669.71  
3669.71  
3669.71  
63.81  
0.00  
0.00  
0.00  
6088.44  
4833.01  
3577.59  
2322.16  
6177.95  
6822.17  
7809.97  
8913.56  
1939.82  
1939.82  
1939.82  
1939.82  
9.02  
0.00  
0.00  
0.00  
8601.96  
8601.96  
8601.96  
8601.96  
38.83  
0.00  
0.00  
0.00  
76260.37  
86396.10  
89311.70  
100360.96  
6148.14  
6822.17  
7809.97  
8913.56  
10969.03  
15510.57  
12256.29  
16263.85  
1285.65  
1227.99  
1640.09  
1871.85  
232.63  
-617.17  
-1466.97  
-2079.10  
4862.49  
5594.18  
6169.88  
7041.71  
4684.88  
8413.22  
5598.77  
9746.42  
595.38  
727.04  
802.08  
915.42  
6051.52  
7714.52  
8124.49  
8596.53  
4267.11  
4867.14  
5367.80  
6126.29  
4343.00  
4343.00  
4343.00  
4343.00  
6709.76  
7813.32  
8739.74  
9864.09  
2567.05  
2567.05  
2567.05  
2567.05  
2.06  
2.35  
2.59  
2.96  
1775.96  
1775.96  
1775.96  
1775.96  
15312.04  
19853.58  
16599.30  
20606.85  
5851.63  
6578.68  
7380.76  
8296.18  
-16.38% 
9.04% 
11.00% 
10.00% 
55096.71  
59963.84  
65331.64  
71457.93  
-28.80% 
10.43% 
14.48% 
14.13% 
76260.37  
86396.10  
89311.70  
100360.96  
-36.44% 
14.06% 
10.29% 
14.13% 
32.03% 
32.10% 
32.10% 
32.20% 
7.56% 
7.90% 
7.85% 
8.15% 
7939.33  
16394.42  
19575.40  
-3471.25  
7.74% 
8.12% 
8.22% 
8.57% 
4862.49  
5594.18  
6169.88  
7041.71  
6.18% 
7.59% 
7.76% 
8.23% 
1542.54  
1255.43  
1255.43  
1255.43  
20.08% 
22.98% 
18.59% 
20.53% 
48.04  
-9.61  
-52.10  
-88.65  
-48.66% 
-69.22% 
-90.34% 
-78.12% 
-63.81  
0.00  
0.00  
0.00  
5.10  
4.34  
5.84  
5.15  
807.85  
8938.66  
11518.70  
-12431.58  
3.26  
3.31  
5.76  
4.09  
742.21  
615.76  
683.50  
751.85  
0.74  
0.71  
0.77  
0.75  
-454.30  
0.00  
0.00  
0.00  
848.02  
318.62  
817.22  
349.99  
-1118.18  
0.00  
0.00  
0.00  
12.05  
7.32  
12.21  
7.71  
247.46  
0.00  
0.00  
0.00  
2.06  
2.35  
2.59  
2.96  
416.42  
0.00  
0.00  
0.00  
3.84  
7.92  
9.46  
-1.68  
-4367.07  
-840.19  
-797.70  
-523.48  
26.63  
28.98  
31.58  
34.54  
-136.80  
-849.80  
-849.80  
-612.13  
30.74  
26.95  
24.44  
21.41  
44.77  
0.00  
0.00  
0.00  
2.38  
2.19  
2.01  
1.84  
-4275.04  
9.61  
52.10  
88.65  
16.24  
10.89  
7.49  
6.98  
3020.97  
15554.24  
18777.71  
-3994.73  
2.32  
2.13  
1.92  
1.74  
 · 社会服务行业
 
