 · 社会服务行业
 
⚫ 
⚫ 
⚫ 
⚫ 
⚫ 
⚫ 
56473.85  
61576.45  
68349.86  
75184.85  
-16.38  
9.04  
11.00  
10.00  
4267.11  
5124.52  
5871.36  
7157.97  
-36.44  
20.09  
14.57  
21.91  
32.03  
32.10  
32.10  
32.20  
2.06  
2.48  
2.84  
3.46  
29.87  
24.87  
21.71  
17.81  
2.31  
2.12  
1.93  
1.74  
2.26  
2.07  
1.86  
1.70  
 
维持评级 
顾熹闽

 

 
 
 · 社会服务行业
 
 
7939.33  
16506.32  
20019.17  
-2444.09  
56473.85  
61576.45  
68349.86  
75184.85  
4862.49  
5757.66  
6672.00  
8134.06  
38385.15  
41810.41  
46409.56  
50975.33  
1542.54  
1255.43  
1255.43  
1255.43  
1267.83  
1354.68  
1503.70  
1654.07  
48.04  
-9.61  
-52.10  
-88.65  
9062.90  
9852.23  
10252.48  
10525.88  
-63.81  
-61.58  
-68.35  
-75.18  
1989.49  
1970.45  
2255.55  
2255.55  
807.85  
8938.66  
11518.70  -12431.58  
-923.10  
-880.05  
-1012.27  
-1066.06  
742.21  
625.76  
693.50  
761.85  
-741.90  
-615.76  
-683.50  
-751.85  
-454.30  
51.58  
58.35  
65.18  
0.00  
0.00  
0.00  
0.00  
-1118.18  
-10.00  
-10.00  
-10.00  
63.81  
61.58  
68.35  
75.18  
247.46  
0.00  
0.00  
0.00  
6177.95  
7031.53  
8455.57  
10306.28  
416.42  
61.58  
68.35  
75.18  
9.02  
10.00  
10.00  
10.00  
-4367.07  
-840.19  
-797.70  
-523.48  
38.83  
20.00  
20.00  
20.00  
-136.80  
-849.80  
-849.80  
-612.13  
6148.14  
7021.53  
8445.57  
10296.28  
44.77  
0.00  
0.00  
0.00  
1285.65  
1263.88  
1773.57  
2162.22  
-4275.04  
9.61  
52.10  
88.65  
4862.49  
5757.66  
6672.00  
8134.06  
3020.97  
15717.71  
19279.82  
-2902.38  
595.38  
633.14  
800.64  
976.09  
7939.33  
16506.32  
20019.17  
-2444.09  
4267.11  
5124.52  
5871.36  
7157.97  
4862.49  
5757.66  
6672.00  
8134.06  
6709.76  
7961.10  
9313.88  
11172.31  
1542.54  
1255.43  
1255.43  
1255.43  
2.06  
2.48  
2.84  
3.46  
48.04  
-9.61  
-52.10  
-88.65  
-63.81  
-61.58  
-68.35  
-75.18  
807.85  
8938.66  
11518.70  -12431.58  
-16.38% 
9.04% 
11.00% 
10.00% 
742.21  
625.76  
693.50  
761.85  
-28.80% 
13.82% 
20.25% 
21.89% 
-454.30  
51.58  
58.35  
65.18  
-36.44% 
20.09% 
14.57% 
21.91% 
32.03% 
32.10% 
32.10% 
32.20% 
7.56% 
8.32% 
8.59% 
9.52% 
15126  
18753  
13742  
2405  
7.74% 
8.51% 
8.88% 
9.77% 
7266  
4748  
5702  
7466  
6.18% 
7.74% 
8.29% 
9.29% 
1310  
1245  
1245  
1245  
20.08% 
22.94% 
18.45% 
20.18% 
298  
18  
17  
3  
-48.66% 
-69.30% 
-90.43% 
-78.60% 
-87  
-56  
-62  
-68  
5.10  
4.35  
5.89  
5.26  
5957  
12224  
6210  
-6933  
3.26  
3.32  
5.82  
4.19  
383  
575  
631  
694  
0.74  
0.71  
0.76  
0.74  
-4716  
46  
52  
58  
848.02  
318.62  
817.22  
349.99  
-1801  
-10  
-10  
-10  
12.05  
7.32  
12.21  
7.71  
-2923  
0  
0  
0  
2.06  
2.48  
2.84  
3.46  
9  
56  
62  
68  
3.84  
7.98  
9.68  
-1.18  
-4628  
-3453  
-38  
-538  
26.63  
29.11  
31.95  
35.41  
-1563  
-21  
-21  
-535  
29.87  
24.87  
21.71  
17.81  
13  
0  
0  
0  
2.31  
2.12  
1.93  
1.74  
-3078  
-3432  
-17  
-3  
16.24  
10.20  
6.56  
5.67  
5990  
15347  
13757  
1926  
2.26  
2.07  
1.86  
1.70  
 · 社会服务行业
 
