 
⚫ 
⚫ 
⚫ 
⚫ 
⚫ 
⚫ 
32137.83 
33455.48 
34559.51 
35630.86 
-5.30 
4.10 
3.30 
3.10 
4344.98 
4859.16 
5434.50 
6136.52 
1.81 
11.83 
11.84 
12.92 
40.23 
41.30 
42.30 
43.30 
3.19 
3.56 
3.98 
4.50 
23.52
21.03
18.80
16.65
3.52 
3.01 
2.60 
2.25 

 

 
 
 
 
 
 
25188.92 
29377.97 
37740.02 
46687.81 
32137.83 
33455.48 
34559.51 
35630.86 
17978.77 
22151.67 
29167.85 
36511.65 
19209.92 
19638.37 
19940.84 
20202.70 
102.42 
98.72 
101.98 
105.14 
2328.26 
2420.89 
2500.78 
2578.31 
83.28 
63.89 
66.00 
68.04 
4602.52 
4757.37 
4879.80 
4995.45 
241.90 
685.74 
501.61 
579.05 
1406.58 
1431.89 
1444.59 
1453.74 
3576.39 
1600.13 
1624.77 
1646.11 
-567.77 
-877.57 
-1056.22 
-1387.03 
3206.15 
4777.82 
6277.82 
7777.82 
-35.78 
0.00 
0.00 
0.00 
26231.47 
25445.93 
24185.52 
22876.94 
199.52 
0.00 
0.00 
0.00 
391.87 
391.87 
391.87 
391.87 
117.79 
123.79 
127.87 
131.83 
11817.65 
10551.15 
9211.72 
7805.94 
5843.12 
6608.59 
7391.08 
8345.84 
2684.12 
2803.24 
2883.20 
2961.15 
73.14 
0.00 
0.00 
0.00 
11337.83 
11699.68 
11698.74 
11717.98 
34.77 
0.00 
0.00 
0.00 
51420.39 
54823.91 
61925.55 
69564.76 
5881.49 
6608.59 
7391.08 
8345.84 
17522.33 
15936.76 
17420.18 
18715.42 
1389.72 
1585.17 
1772.86 
2001.87 
0.00 
2000.00 
3000.00 
4000.00 
4491.78 
5023.43 
5618.22 
6343.97 
3053.51 
2467.66 
2626.80 
2604.87 
146.79 
164.27 
183.72 
207.45 
14468.82 
11469.10 
11793.38 
12110.55 
4344.98 
4859.16 
5434.50 
6136.52 
4038.51 
4004.41 
4004.41 
4004.41 
6230.33 
7640.04 
8287.40 
8958.59 
0.00 
0.00 
0.00 
0.00 
3.19 
3.56 
3.98 
4.50 
4038.51 
4004.41 
4004.41 
4004.41 
21560.84 
19941.16 
21424.58 
22719.83 
799.16 
963.42 
1147.14 
1354.59 
-5.30%
4.10%
3.30%
3.10%
29060.38 
33919.32 
39353.83 
45490.34 
1.85%
13.10%
11.84%
12.92%
51420.39 
54823.91 
61925.55 
69564.76 
1.81%
11.83%
11.84%
12.92%
40.23%
41.30%
42.30%
43.30%
13.52%
14.52%
15.73%
17.22%
5154.66 
4168.79 
7631.80 
7974.53 
14.95%
14.33%
13.81%
13.49%
4491.78 
5023.43 
5618.22 
6343.97 
12.71%
11.78%
11.04%
10.38%
1240.81 
1909.02 
1952.54 
1999.78 
41.93%
36.37%
34.60%
32.66%
-585.10 
21.36 
51.36 
71.36 
-59.84%
-57.46%
-64.34%
-69.17%
-117.79 
-123.79 
-127.87 
-131.83 
1.44 
1.84 
2.17 
2.49 
184.96 
-2527.40 
137.55 
-308.75 
1.15 
1.59 
1.91 
2.23 
-59.99 
-133.84 
0.00 
0.00 
0.64 
0.63 
0.59 
0.54 
-7421.78 
-1947.03 
-1564.26 
-1559.37 
316.92 
332.66 
344.40 
344.07 
-1941.30 
-635.46 
-592.13 
-591.20 
6.40 
7.11 
7.83 
7.72 
-6623.57 
-1100.00 
-1100.00 
-1100.00 
3.19 
3.56 
3.98 
4.50 
1143.09 
-211.57 
127.87 
131.83 
3.78 
3.06 
5.59 
5.85 
-2983.14 
1951.59 
948.64 
928.64 
21.30 
24.86 
28.85 
33.35 
0.00 
2000.00 
1000.00 
1000.00 
23.52 
21.03 
18.80 
16.65 
0.00 
0.00 
0.00 
0.00 
3.52 
3.01 
2.60 
2.25 
-2983.14 
-48.41 
-51.36 
-71.36 
14.85 
10.75 
9.19 
7.79 
-5246.07 
4172.90 
7016.18 
7343.80 
3.18 
3.05 
2.96 
2.87 
 
 
