 
 
1 
 
 
 
◆ 
◆ 
◆ 
◆ 
◆ 
◆ 
◆ 
◆ 
 
3,810.68  
5,961.36  
10,162.33  
14,750.62  
18,987.00  
2,415.79  
3,593.12  
6,115.46  
8,874.92  
11,579.44  
43.71  
83.61  
103.43  
150.13  
193.25  
32.73  
30.41  
130.28  
175.91  
209.26  
136.20  
199.70  
596.68  
743.57  
818.54  
227.16  
353.58  
604.63  
876.99  
1,128.68  
-4.29  
-13.82  
-0.28  
-3.20  
-10.56  
-59.64  
-60.06  
0.00  
0.00  
0.00  
35.39  
52.22  
36.25  
36.25  
36.25  
-0.30  
0.00  
0.00  
0.00  
0.00  
141.94  
291.30  
174.30  
174.30  
174.30  
998.03  
1,992.28  
2,828.84  
4,149.03  
5,285.11  
0.00  
0.00  
0.00  
0.00  
0.00  
991.74  
1,984.15  
2,820.26  
4,140.45  
5,276.53  
139.92  
255.88  
380.49  
558.61  
711.88  
851.82  
1,728.26  
2,439.77  
3,581.84  
4,564.65  
-6.34  
16.54  
-15.64  
-22.96  
-29.26  
858.16  
1,711.72  
2,455.41  
3,604.80  
4,593.90  
938.46  
1,866.95  
1,178.41  
2,443.57  
4,634.18  
365.00  
456.00  
456.00  
456.00  
456.00  
1628.33  
2223.10  
2920.12  
4070.58  
4696.31  
3,712.75  
4,146.89  
8,771.74  
12,732.19  
16,388.87  
2,580.36  
6,050.84  
7,023.02  
10,191.99  
13,297.88  
177.91  
112.18  
878.11  
1,274.58  
1,640.64  
824.31  
977.48  
1,000.24  
1,023.00  
1,045.75  
0.00  
0.00  
0.00  
0.00  
0.00  
0.00  
0.00  
0.00  
0.00  
0.00  
1,368.54  
2,202.04  
1,934.35  
1,651.21  
1,352.60  
220.83  
246.36  
205.30  
164.24  
123.18  
122.29  
267.60  
243.13  
218.65  
218.65  
10,498.17  
16,883.75  
22,251.91  
30,970.61  
40,207.07  
22.03  
24.47  
0.00  
0.00  
0.00  
0.00  
0.00  
0.00  
0.00  
0.00  
1,210.46  
1,750.71  
3,082.16  
4,472.92  
5,835.99  
11.00  
107.76  
78.71  
50.81  
24.69  
60.61  
71.62  
95.87  
120.29  
143.50  
5,246.83  
9,767.29  
13,198.28  
19,073.00  
24,685.14  
1,285.69  
1,286.47  
1,286.47  
1,286.47  
1,286.47  
1,200.69  
1,246.52  
1,246.52  
1,246.52  
1,246.52  
2,753.45  
4,302.12  
6,254.93  
9,121.86  
12,775.43  
5,239.83  
6,835.11  
8,787.92  
11,654.85  
15,308.43  
11.51  
281.35  
265.71  
242.75  
213.50  
5,251.34  
7,116.46  
9,053.63  
11,897.60  
15,521.92  
10,498.17  
16,883.75  
22,251.91  
30,970.61  
40,207.07  
954.34  
1,731.66  
-124.28  
2,036.15  
3,154.93  
-283.14  
-885.83  
-8.42  
-8.42  
-8.42  
-365.78  
74.78  
-555.85  
-762.57  
-955.90  
305.59  
929.36  
-688.55  
1,265.16  
2,190.61  
 
