 
 
公司点评报告 · 电子行业
⚫ 
2024
2025
2024
73.56
YoY+27.69%
11.03
YoY+584.21%
10.30
YoY+3660.79%
2025Q1
19.09
YoY+17.32%
QoQ+11.88%
2.35
YoY+14.57%
 
⚫ 
2024
38%
YoY+3.58pcts
14.97%
YoY+12.17pcts
40.27%
YoY+7.28pcts
51.94
YoY+27.39%
NOR Flash
DDR4 8Gb
LPDDR4
2025H2
MCU
17.06
YoY+29.56%
32
MCU
GD32A7
/
4.48
YoY+27.20%
2024
12.56
17.08%
⚫ 
Q1
37.44%
QoQ+4.27pcts
AIPC
46.48%
37.34%
LPDDR4
3D DRAM
AI
 
⚫ 
DDR4 8Gb
LPDDR4
LPDDR5
NOR Flash
AI
AIPC
AI
MCU
MCU+”
AI
RISC-V
ARM
AI
⚫ 
AI
 
⚫ 
73.56 
91.65 
108.56 
131.54 
27.69 
24.59 
18.45 
21.17 
11.03 
16.26 
20.74 
25.87 
584.21 
47.43 
27.57 
24.73 
38.00 
39.46 
40.11 
40.73 
1.66 
2.45 
3.12 
3.90 
67.84 
46.01 
36.07 
28.92 
4.53 
4.13 
3.70 
3.28 
10.17 
8.16 
6.89 
5.69 

 

 


 
 
 
 
124.35 
147.77 
178.25 
214.00 
73.56 
91.65 
108.56 
131.54 
91.28 
117.48 
143.38 
176.46 
45.61 
55.48 
65.02 
77.96 
2.12 
2.19 
2.73 
3.26 
0.31 
0.53 
0.52 
0.65 
2.08 
-0.67 
2.46 
0.25 
3.71 
3.67 
4.34 
5.26 
0.25 
0.37 
0.40 
0.47 
4.91 
5.50 
6.51 
7.89 
23.46 
22.77 
24.18 
27.79 
-4.43 
-2.40 
-3.05 
-3.67 
5.16 
5.62 
5.09 
5.76 
-1.72 
0.00 
0.00 
0.00 
67.94 
66.49 
64.78 
63.77 
0.00 
0.00 
0.00 
0.00 
1.37 
1.78 
2.33 
3.02 
0.18 
0.70 
0.88 
0.80 
10.57 
10.19 
9.19 
7.70 
11.17 
16.75 
21.36 
26.64 
2.60 
2.62 
2.49 
2.51 
0.09 
0.00 
0.00 
0.00 
53.40 
51.90 
50.77 
50.54 
0.02 
0.00 
0.00 
0.00 
192.29 
214.26 
243.03 
277.77 
11.24 
16.75 
21.36 
26.64 
23.31 
29.09 
37.13 
46.03 
0.23 
0.50 
0.64 
0.80 
8.98 
13.47 
17.96 
23.95 
11.01 
16.25 
20.72 
25.84 
7.34 
7.24 
9.95 
10.79 
-0.02 
-0.01 
-0.01 
-0.02 
6.99 
8.37 
9.22 
11.28 
11.03 
16.26 
20.74 
25.87 
2.20 
2.20 
2.20 
2.20 
11.24 
18.52 
22.81 
27.94 
0.00 
0.00 
0.00 
0.00 
1.66 
2.45 
3.12 
3.90 
2.20 
2.20 
2.20 
2.20 
25.50 
31.28 
39.33 
48.22 
1.80 
1.79 
1.78 
1.76 
27.69% 
24.59% 
18.45% 
21.17% 
164.99 
181.19 
201.92 
227.79 
832.84% 49.90% 
27.55% 
24.71% 
192.29 
214.26 
243.03 
277.77 
584.21% 47.43% 
27.57% 
24.73% 
38.00% 
39.46% 
40.11% 
40.73% 
14.99% 
17.74% 
19.10% 
19.66% 
20.32 
24.82 
24.68 
31.67 
6.68% 
8.97% 
10.27% 
11.36% 
11.01 
16.25 
20.72 
25.84 
3.64% 
6.70% 
7.59% 
8.45% 
4.67 
4.87 
5.39 
5.78 
13.26% 
14.60% 
16.18% 
17.36% 
-0.78 
0.34 
0.47 
0.63 
-48.74% -56.29% -61.07% -66.00% 
-0.18 
-0.70 
-0.88 
-0.80 
5.34  
5.08  
4.80  
4.65  
3.88 
4.07 
-1.02 
0.23 
4.16  
4.16  
4.04  
3.95  
1.71 
0.00 
0.00 
0.00 
0.38  
0.43  
0.45  
0.47  
-6.69 
-2.72 
-2.79 
-3.96 
34.70  
41.92  
39.79  
40.34  
-4.70 
-3.02 
-3.13 
-4.07 
10.03  
12.65  
10.91  
12.19  
-1.96 
-0.40 
-0.55 
-0.69 
1.66  
2.45  
3.12  
3.90  
-0.04 
0.70 
0.88 
0.80 
3.06  
3.74  
3.72  
4.77  
4.80 
4.10 
4.02 
5.36 
24.84  
27.28  
30.41  
34.30  
8.98 
4.49 
4.49 
5.99 
67.84  
46.01  
36.07  
28.92  
0.00 
0.00 
0.00 
0.00 
4.53  
4.13  
3.70  
3.28  
-4.18 
-0.39 
-0.47 
-0.63 
— 
— 
— 
— 
19.73 
26.20 
25.91 
33.07 
10.17  
8.16  
6.89  
5.69  
 
 
