 
 
 
 
 
 
 



 

 
 
 
 
14352.66 
15851.45 
18201.42 
21809.41 
10.34 
10.44 
14.82 
19.82 
1835.90 
2106.25 
2447.72 
2994.73 
18.88 
14.73 
16.21 
22.35 
26.26 
26.37 
26.30 
26.26 
1.25 
1.44 
1.67 
2.05 
29.00 
25.27 
21.75 
17.78 
 
 
14929.21
17993.98
21945.15
26808.02
14352.66 
15851.45 
18201.42 
21809.41 
7193.34
8571.90
11813.17
15355.46
10583.54 
11671.39 
13414.28 
16082.69 
2528.98
3146.17
3576.81
4152.47
53.03 
57.07 
63.70 
85.06 
76.67
121.50
159.18
158.14
751.33 
766.94 
900.20 
1046.85 
137.16
576.12
476.02
524.34
294.37 
368.85 
409.99 
460.18 
3430.00
3997.78
4315.67
4936.49
-80.30 
0.00 
0.00 
0.00 
1563.06
1580.52
1604.29
1681.13
-85.67 
-15.38 
-14.11 
-17.32 
16686.25
16550.59
16417.80
16185.84
0.00 
0.00 
0.00 
0.00 
6909.21
6909.21
6909.21
6909.21
360.64 
317.03 
389.49 
483.63 
2290.94
2163.82
2036.94
1814.43
2175.54 
2508.95 
2888.90 
3569.68 
4317.09
4301.71
4287.60
4270.28
12.52 
0.00 
0.00 
0.00 
3169.00
3175.84
3184.05
3191.91
8.95 
0.00 
0.00 
0.00 
31615.46
34544.56
38362.95
42993.86
2179.11 
2508.95 
2888.90 
3569.68 
4989.33
5782.82
7104.03
8667.52
301.21 
355.77 
391.74 
502.25 
160.11
160.11
160.11
160.11
1877.90 
2153.18 
2497.17 
3067.42 
2035.41
2374.48
2612.43
3106.64
42.00 
46.94 
49.44 
72.70 
2793.82
3248.23
4331.50
5400.77
1835.90 
2106.25 
2447.72 
2994.73 
7145.34
7145.34
7145.34
7145.34
2439.89 
2919.98 
3331.13 
4036.18 
1275.13
1275.13
1275.13
1275.13
1.25 
1.44 
1.67 
2.05 
5870.21
5870.21
5870.21
5870.21
12134.67
12928.16
14249.37
15812.86
830.89
877.83
927.28
999.97
10.34%
10.44%
14.82%
19.82%
18649.89
20738.57
23186.30
26181.02
14.21%
15.33%
15.14%
23.57%
31615.46
34544.56
38362.95
42993.86
18.88%
14.73%
16.21%
22.35%
26.26%
26.37%
26.30%
26.26%
12.79%
13.29%
13.45%
13.73%
3509.83 
1369.85 
3175.33 
3310.52 
9.84%
10.16%
10.56%
11.44%
1877.90 
2153.18 
2497.17 
3067.42 
6.91%
8.83%
9.29%
10.25%
657.49 
411.03 
442.22 
466.50 
38.38%
37.42%
37.14%
36.78%
61.34 
0.00 
0.00 
0.00 
-22.76%
-26.89%
-37.55%
-46.34%
-365.32 
-317.03 
-389.49 
-483.63 
2.99 
3.11 
3.09 
3.09 
1118.74 
-892.72 
611.32 
242.90 
2.01 
2.09 
2.23 
2.31 
159.68 
15.38 
14.11 
17.32 
0.45 
0.48 
0.50 
0.54 
-2130.23 
26.28 
65.94 
231.77 
5.39 
5.59 
5.41 
5.64 
-2165.82 
-290.75 
-323.55 
-251.86 
5.31 
5.29 
5.38 
5.62 
1.55 
0.00 
0.00 
0.00 
1.25 
1.44 
1.67 
2.05 
34.05 
317.03 
389.49 
483.63 
2.40 
0.94 
2.17 
2.26 
-147.08 
-22.28 
0.00 
0.00 
12.75 
14.17 
15.85 
17.89 
-127.46 
0.00 
0.00 
0.00 
29.00 
25.27 
21.75 
17.78 
-209.20 
0.00 
0.00 
0.00 
2.85 
2.57 
2.30 
2.03 
189.57 
-22.28 
0.00 
0.00 
21.87 
22.06 
18.36 
14.28 
1237.23 
1378.56 
3241.27 
3542.29 
3.71 
3.36 
2.93 
2.44 
 
 
