 
敬请参阅末页重要声明及评级说明                                                                       证券研究报告 
 
 
对公贷款高速增长，资产质量改善 
 
投资评级：买入（维持）
报告日期：          2022-04-18
 
收盘价（元） 
15.30
近12 个月最高/最低（元）
16.89/11.78
总股本（百万股） 
5,930
流通股本（百万股） 
5,060
流通股比例（%） 
85.33
总市值（亿元） 
907
流通市值（亿元） 
774
公司价格与沪深300 走势比较 
分析师：刘超 
执业证书号：S0010520090001 
邮箱：liuchao@hazq.com 
联系人：戚星 
执业证书号：S0010121030010 
电话：18616375520 
邮箱：qixing@hazq.com 
 
   
 
主要观点： 
归母净利润同比29.77%。2021 年，公司实现营收/归母净利润分别
为293.61 亿/92.61 亿，同比分别增长18.36%/29.77%。摊薄ROE 为
11.57%，同比提高1.21 个百分点。利息净收入/手续费及佣金净收入/投
资收益同比分别为9.2%/19.7%/55.0%，非息净收入总体占比28.36%，
同比提高6.05 个百分点。 
 
制造业、公共设施类以及消费贷高速增长。净息差和净利差分别为
1.83%和1.86%，同比分别下降0.15 和0.10 个百分点，主要是贷款收
益率下降0.26 个百分点至5.11%。（1）贷款余额达5885.6 亿元，同比
增长21.69%。其中，公司贷款/个人贷款分别为3644.2 亿元/2241.5 亿
元，同比增速分别为23.27%/19.21%；（2）对公贷款中，制造业（30%）
和公共设施类贷款（37%）高速增长。“两增两控”小微贷款余额 917.07 
亿元，较上年末增长加158.29 亿元，增幅 20.86%；绿色贷款余额
419.32 亿元，较上年末增加104.49 亿元，增幅 33.19%；涉农贷款余
额 739.30 亿元，较上年末增加 153.02 亿元，增幅 26.10%。（3）个
人房贷/经营贷/消费贷余额分别为825.4 亿元/853.4 亿元/562.7 亿元，
同比增速分别为14.52%/21.51%/23.09%，消费贷款增速明显提升。 
 
财富管理手续费增速较高。手续费及佣金收入 39.76 亿元，同比增
长 22.01%。其中，托管及其他受托业务增幅 28.96%，主要是由于理财
业务手续费收入增加；代理业务手续费增幅 33.34%，主要是由于代销业
务手续费收入增加。 
 
资产质量优异，拨备较高。期末不良率0.86%，同比下降0.21 个百
分点。拨备覆盖率567.61%，同比提高98.17 个百分点。各类贷款不良
率全部下降。 
 
 投资建议 
 
预计2022-2024 年归母净利润分别为110.92/131.64/161.76 亿元，同
比增长19.77%/18.68%/22.88%，对应EPS 分别为1.82/2.16/2.65
元。维持“买入”评级。 
 
 风险提示 
 
宏观经济增速逊于预期。 
-32%
-19%
-6%
8%
21%
4/21
7/21
10/21
1/22
杭州银行
沪深300
杭州银行（600926.SH）
公司研究/公司深度
 
杭州银行（600926）
 
 
 
敬请参阅末页重要声明及评级说明                   2 / 10                                          证券研究报告 
                                      
 
 
 
 
 
 
 
 
 
 
 
 
 
 
 
 
 
 
 
 
 
 
 
 
 
 
 
 
 
 
 
 
 
 
 
 
 
 
 
 
 
 
 
 重要财务指标 
单位:百万元
主要财务指标 
2021A
2022E
2023E
2024E
营业收入 
29,361 
34,130 
40,286 
48,340 
收入同比（%） 
18.36 
16.24 
18.04 
19.99 
归属母公司净利润 
9,261 
11,092 
13,164 
16,176 
净利润同比（%） 
29.77 
19.77 
18.68 
22.88 
ROA（%） 
0.68 
0.75 
0.79 
0.85 
ROE（%） 
11.57 
12.14 
13.49 
15.29 
每股收益（元） 
1.52 
1.82 
2.16 
2.65 
P/B 
1.29 
1.20 
1.10 
0.99 
资料来源： wind，华安证券研究所
杭州银行（600926）
 
 
 
敬请参阅末页重要声明及评级说明                   3 / 10                                          证券研究报告 
图表1 利润构成 
 
资料来源：wind，华安证券研究所 
 
 
 
2021
2020
2019
2018
2021Q4
2021Q3
2021Q2
2021Q1
营业收入
29,361
24,806
21,409
17,054
6,984
7,501
7,299
7,577
增速（%）
18.4
15.9
25.5
20.8
13.5
29.4
17.4
14.2
——利息净收入
21,036
19,272
15,613
13,992
5,260
5,176
5,217
5,383
增速（%）
9.2
23.4
11.6
14.1
1.7
7.5
11.3
17.1
营收占比（%）
71.6
77.7
72.9
82.0
75.3
69.0
71.5
71.1
——手续费及佣金净收入
3,608
3,015
1,665
1,183
894
657
823
1,234
增速（%）
19.7
81.0
40.8
(26.8)
80.8
(10.5)
(36.0)
147.2
营收占比（%）
12.3
12.2
7.8
6.9
12.8
8.8
11.3
16.3
——投资收益
3,865
2,493
4,073
2,554
1,499
581
1,113
672
增速（%）
55.0
(38.8)
59.5
209.5
418.6
90.8
67.7
(45.6)
营收占比（%）
13.2
10.0
19.0
15.0
21.5
7.7
15.3
8.9
——其他收益
852
26
58
(675)
(696)
1,065
105
289
增速（%）
3,115.3
(54.2)
108.6
(14.9)
(481.0)
1,609.6
125.3
(5.1)
营收占比（%）
2.9
0.1
0.3
(4.0)
(10.0)
14.2
1.4
3.8
营业支出
18,781
16,742
14,100
11,247
4,479
5,201
4,581
4,520
增速（%）
12.2
18.7
25.4
23.1
(1.5)
27.3
13.5
11.0
——税金及附加
264
247
183
131
86
66
68
43
增速（%）
6.6
35.6
39.1
6.3
11.9
0.6
41.4
(23.2)
营收占比（%）
0.9
1.0
0.9
0.8
1.2
0.9
0.9
0.6
——业务及管理费
8,017
6,535
6,147
5,101
2,458
2,001
1,940
1,618
增速（%）
22.7
6.3
20.5
13.8
26.5
29.6
24.5
8.6
营收占比（%）
27.3
26.3
28.7
29.9
35.2
26.7
26.6
21.4
——信用减值损失
(9,763)
9,959
7,763
6,010
(18,329)
3,133
2,573
2,859
增速（%）
(198.0)
28.3
29.2
32.8
(825.7)
26.5
5.8
13.2
营收占比（%）
(33.3)
40.1
36.3
35.2
(262.4)
41.8
35.2
37.7
——其他业务成本
7
4
增速（%）
61.8
32.2
营收占比（%）
0.0
0.0
营业利润
10,580
8,064
7,309
5,807
2,505
2,300
2,719
3,056
增速（%）
31.2
10.3
25.9
16.5
55.9
34.4
24.7
19.1
营收占比（%）
36.0
32.5
34.1
34.1
35.9
30.7
37.2
40.3
利润总额
10,595
8,046
7,316
5,792
2,522
2,290
2,722
3,060
增速（%）
31.7
10.0
26.3
15.7
57.0
33.7
24.8
20.2
营收占比（%）
36.1
32.4
34.2
34.0
36.1
30.5
37.3
40.4
所得税费用
1,334
909
714
380
297
261
233
542
增速（%）
46.6
27.4
88.0
(16.3)
537.8
28.3
(16.1)
42.3
营收占比（%）
4.5
3.7
3.3
2.2
4.3
3.5
3.2
7.2
净利润
9,261
7,136
6,602
5,412
2,225
2,029
2,489
2,518
增速（%）
29.8
8.1
22.0
18.9
42.7
34.5
30.7
16.3
营收占比（%）
31.5
28.8
30.8
31.7
31.9
27.1
34.1
33.2
归母净利润
9,261
7,136
6,602
5,412
2,225
2,029
2,489
2,518
增速（%）
29.8
8.1
22.0
18.9
42.7
34.5
30.7
16.3
营收占比（%）
31.5
28.8
30.8
31.7
31.9
27.1
34.1
33.2
杭州银行（600926）
 
 
 
敬请参阅末页重要声明及评级说明                   4 / 10                                          证券研究报告 
图表 2 贷款结构 
资料来源：wind，华安证券研究所 
 
亿元/%
2021
2020
2019
2018
2017
2016
2015
公司贷款
3,644
2,956
2,553
2,227
1,901
1,697
1,457
YoY(%)
23.27
15.79
14.63
17.14
12.07
16.41
贷款总额占比（%）
61.92
61.12
61.66
63.55
66.99
68.80
67.70
——一般贷款（含贴现）
3,574
2,902
2,445
2,117
1,788
1,586
1,402
YoY(%)
23.18
18.66
15.50
18.43
12.73
13.08
贷款总额占比（%）
60.73
60.00
59.06
60.41
62.99
64.31
65.15
——贸易融资及其他
70
55
108
110
114
111
54.91
YoY(%)
27.87
(49.33)
(2.07)
(3.17)
2.58
101.66
贷款总额占比（%）
1.19
1.13
2.60
3.14
4.00
4.49
2.55
个人贷款
2,241
1,880
1,587
1,277
937
769
695
YoY(%)
19.21
18.45
24.26
36.35
21.76
10.69
贷款总额占比（%）
38.08
38.88
38.34
36.45
33.01
31.20
32.30
——个人住房贷款
825
721
583
536
388
330
246
YoY(%)
14.52
23.61
8.75
38.03
17.66
34.14
贷款总额占比（%）
14.02
14.90
14.08
15.30
13.69
13.39
11.43
——个人经营贷款
853
702
549
418
294
214
241.28
YoY(%)
21.51
27.86
31.54
42.11
37.33
(11.32)
贷款总额占比（%）
14.50
14.52
13.27
11.92
10.35
8.68
11.21
——个人消费贷款及其他
563
457
455
324
255
225
207.77
YoY(%)
23.09
0.48
40.56
27.12
13.00
8.46
贷款总额占比（%）
9.56
9.45
10.99
9.24
8.97
9.14
9.65
贷款总额
5,886
4,836
4,141
3,505
2,838
2,466
2,153
YoY(%)
21.69
16.81
18.14
23.48
15.10
14.56
杭州银行（600926）
 
 
 
敬请参阅末页重要声明及评级说明                   5 / 10                                          证券研究报告 
图表 3 存款结构 
资料来源：wind，华安证券研究所 
 
 
 
 
 
 
 
 
 
 
 
 
 
 
 
 
百万元/%
2021
2020
2019
2018
2017
2016
2015
公司存款
651,067
557,911
484,261
412,009
352,637
276,518
238,525
YoY(%)
16.70
15.21
17.54
16.84
27.53
15.93
存款总额占比（%）
80.31
79.93
78.88
77.33
78.60
75.08
76.44
——公司活期存款
390,736
352,244
273,336
233,394
233,574
171,654
126,499
YoY(%)
10.93
28.87
17.11
(0.08)
36.07
35.70
存款总额占比（%）
48.20
50.46
44.52
43.81
52.06
46.61
40.54
——公司定期存款
260,331
205,667
210,926
178,616
119,063
104,864
112,026
YoY(%)
26.58
(2.49)
18.09
50.02
13.54
(6.39)
存款总额占比（%）
32.11
29.46
34.36
33.53
26.54
28.47
35.90
个人存款
135,414
119,873
106,204
98,850
66,488
71,748
57,254
YoY(%)
12.96
12.87
7.44
48.67
(7.33)
25.32
存款总额占比（%）
16.70
17.17
17.30
18.55
14.82
19.48
18.35
——个人活期存款
43,208
40,098
35,904
36,422
31,829
36,060
25,024
YoY(%)
7.75
11.68
(1.42)
14.43
(11.73)
44.10
存款总额占比（%）
5.33
5.74
5.85
6.84
7.09
9.79
8.02
——个人定期存款
92,207
79,775
70,300
62,428
34,659
35,687
32,230
YoY(%)
15.58
13.48
12.61
80.12
(2.88)
10.73
存款总额占比（%）
11.37
11.43
11.45
11.72
7.73
9.69
10.33
保证金存款
22,146
18,455
21,387
20,130
20,164
18,346
15,602
YoY(%)
20.00
(13.71)
6.25
(0.17)
9.91
17.58
存款总额占比（%）
2.73
2.64
3.48
3.78
4.49
4.98
5.00
其他存款
2,031
1,787
2,050
1,794
2,082
1,696
666
YoY(%)
13.64
(12.84)
14.29
(13.87)
22.77
154.81
存款总额占比（%）
0.25
0.26
0.33
0.34
0.46
0.46
0.21
存款总额
810,658
698,026
613,902
532,783
448,627
368,307
312,047
YoY(%)
16.14
13.70
15.23
18.76
21.81
18.03
杭州银行（600926）
 
 
 
敬请参阅末页重要声明及评级说明                   6 / 10                                          证券研究报告 
图表 4 贷款行业分类 
 
资料来源：华安证券研究所整理 
 
图表 5 投资收益率 
图表 6 负债成本率 
 
数据来源：wind，华安证券研究所                     数据来源：wind，华安证券研究所 
 
 
 
 
 
 
 
 
 
 
12
17
22
28
32
32
35
12
14
21
23
21
19
19
20
15
16
13
12
12
13
14
11
10
10
13
15
10
15
13
10
8
7
7
7
8
13
7
3
3
3
6
6
5
4
4
3
3
4
3
3
2
2
2
8
8
5
4
4
3
3
0
25
50
75
100
0
25
50
75
100
2015
2016
2017
2018
2019
2020
2021
水利、环境和公共设施管理业占比（%）
租赁和商务服务业占比（%）
制造业占比（%）
房地产业占比（%）
批发与零售业占比（%）
金融业占比（%）
建筑业占比（%）
信息传输、软件和信息技术服务业占比（%）
电力、热力、燃气及水生产和供应业占比（%）
住宿和餐饮业占比（%）
公共管理和社会组织占比（%）
其他占比（%）
0
4
8
0
4
8
2015
2016
2017
2018
2019
2020
2021
金融资产投资利率（%）
存放中央银行款项利率（%）
存放、拆放同业及其他金融机构款项利率（%）
客户贷款利率（%）
0
3
6
0
3
6
2015
2016
2017
2018
2019
2020
2021
同业及其他金融机构存入款项利率（%）
应付债券利率（%）
向中央银行借款利率（%）
吸收存款及其他利率（%）
杭州银行（600926）
 
 
 
敬请参阅末页重要声明及评级说明                   7 / 10                                          证券研究报告 
图表7 净息差 
图表 8 不良率及拨备覆盖率 
数据来源：wind，华安证券研究所                     数据来源：wind，华安证券研究所 
 
图表 9 各类贷款不良率 
数据来源：公司年报，华安证券研究所                      
 
 
 
0
2
4
6
0
2
4
6
2015
2016
2017
2018
2019
2020
2021
生息资产收益率（%）
计息负债成本率（%）
净息差（%）
0.59
0.97
1.19
1.2
1.36
1.62
1.59
1.451.34
1.07
0.86
356.5
256.2
212.5 196.8 193.4 186.8
211.0
256.0
316.7
469.5
567.7
100
350
600
0
1
2
2011 2012 2013 2014 2015 2016 2017 2018 2019 2020 2021
不良率（%，左轴）
拨备覆盖率（%，右轴）
单位：%
2021
2020
2019
2018
2017
2016
2015
公司贷款
1.17
1.47
1.83
1.84
1.49
0.93
0.52
一般贷款（含贴现）
1.17
1.47
1.85
1.94
贸易融资及其他
1.07
1.39
1.50
1.52
个人贷款
0.35
0.45
0.54
0.77
1.79
3.16
3.13
个人住房贷款
0.05
0.07
0.04
0.04
个人经营贷款
0.55
0.73
1.13
2.12
个人消费贷款及其他
0.48
0.61
0.46
0.22
贷款合计
0.86
1.07
1.34
1.45
1.59
1.62
1.36
单位：%
2021
2020
2019
2018
2017
2016
2015
正常贷款
98.76
98.35
97.73
97.29
95.56
93.56
93.67
关注贷款
0.38
0.58
0.94
1.26
2.85
4.82
4.97
次级贷款
0.45
0.46
0.94
0.67
0.65
0.38
0.23
可疑贷款
0.11
0.15
0.34
0.3
0.48
0.24
0.33
损失贷款
0.3
0.46
0.3
0.48
0.46
1.01
0.8
不良+关注贷款
1.24
1.65
2.52
2.71
4.44
6.45
6.33
杭州银行（600926）
 
 
 
敬请参阅末页重要声明及评级说明                   8 / 10                                          证券研究报告 
风险提示： 
宏观经济增速逊于预期。 
 
 
 
 
杭州银行（600926）
 
 
 
敬请参阅末页重要声明及评级说明                   9 / 10                                          证券研究报告 
 财务报表与盈利预测 
 
 
 
 
资料来源：华安证券研究所预测 
 
 
重要指标
2020A
2021E
2022E
2023E
2024E
成长指标（YoY, %）
贷款总额（不含应计利息）
21.69
22.39
19.34
19.37
19.39
存款总额
13.50
16.14
11.31
14.16
14.35
营业收入
15.87
18.36
16.24
18.04
19.99
净利息收入
22.10
9.15
16.18
11.70
14.31
手续费及佣金净收入
101.74
19.69
28.48
27.67
28.41
拨备前利润
7.43
16.97
14.92
21.71
23.93
归母净利润
8.10
29.77
19.77
18.68
22.88
结构指标（%）
手续费及佣金净收入/营业收入
12.15
12.29
13.58
14.69
15.72
个人贷款/国内贷款总额
33.01
36.45
38.34
38.88
38.08
个人存款/国内存款总额
17.69
17.22
16.98
16.87
16.74
质量指标（%）
不良率
1.07
0.86
0.80
0.80
0.80
拨备覆盖率
469.54
567.71
560.00
560.00
560.00
盈利能力指标（%）
净息差
1.98
1.87
1.85
1.82
1.83
净利差
1.96
1.85
1.84
1.84
1.85
存贷差
3.04
2.90
2.46
2.46
2.45
ROA
0.65
0.68
0.75
0.79
0.85
ROE
9.95
11.57
12.14
13.49
15.29
成本收入比
26.82
27.57
26.61
24.53
22.27
监管指标（%）
核心一级资本充足率
8.53
8.43
9.52
9.52
9.52
一级资本充足率
10.83
10.40
10.90
11.20
10.90
资本充足率
14.41
13.62
15.00
15.30
15.00
每股指标（元）
EPS
1.17
1.52
1.82
2.16
2.65
DPS
0.35
0.64
0.56
0.67
0.82
BPS
10.77
11.84
12.76
13.94
15.52
财务报表（重构，百万人民币）
2020A
2021A
2022E
2023E
2024E
利润表
净利息收入
19,272
21,036
24,496
27,445
31,422
利息收入
42,714
48,724
55,443
63,081
72,226
利息支出
(23,442)
(27,689)
(30,947)
(35,635)
(40,804)
手续费及佣金净收入
3,015
3,608
4,636
5,919
7,600
其他收入
2,519
4,717
5,055
7,069
9,535
营业收入
24,806
29,361
34,187
40,432
48,557
税金及附加
(247)
(264)
(273)
(323)
(388)
管理费用
(6,535)
(8,017)
(9,620)
(10,467)
(11,402)
其他业务成本
(0)
(0)
(12)
(13)
(13)
拨备前利润
18,022
21,080
24,281
29,628
36,753
资产质量拨备
(9,959)
(10,500)
(11,550)
(14,438)
(18,047)
营业外净利润
(18)
15
15
15
15
利润总额
8,046
10,595
12,746
15,206
18,721
所得税
(909)
(1,334)
(1,605)
(1,914)
(2,357)
净利润
7,136
9,261
11,141
13,291
16,364
少数股东损益
0
0
0
0
0
归母净利润
7,136
9,261
11,141
13,291
16,364
资产负债表
生息资产
1,045,774
1,218,931
1,366,280
1,558,937
1,776,840
其中：贷款及垫款（净额）
460,016
560,891
686,500
817,910
976,850
同业资产（含买入返售）
66,968
65,218
75,001
86,251
99,188
存放中央银行款项
91,924
84,822
94,414
107,783
123,247
债券投资
426,866
508,001
510,366
546,993
577,554
非生息资产
123,483
171,633
192,381
219,508
250,190
资产合计
1,169,257
1,390,564
1,558,661
1,778,445
2,027,030
计息负债
1,065,564
1,281,793
1,440,489
1,648,434
1,882,228
其中：客户存款
703,680
817,233
909,653
1,038,462
1,187,455
其他计息负债
361,884
464,560
530,836
609,972
694,773
非计息负债
22,830
18,700
21,015
24,049
27,460
负债合计
1,088,394
1,300,494
1,461,505
1,672,483
1,909,688
所有者权益合计
80,863
90,071
97,156
105,962
117,341
负债及股东权益合计
1,169,257
1,390,564
1,558,661
1,778,445
2,027,030
杭州银行（600926）
 
 
 
敬请参阅末页重要声明及评级说明                   10 / 10                                          证券研究报告 
重要声明
分析师声明 
本报告署名分析师具有中国证券业协会授予的证券投资咨询执业资格，以勤勉的执业态度、专业审慎的研究方法，
使用合法合规的信息，独立、客观地出具本报告，本报告所采用的数据和信息均来自市场公开信息，本人对这些
信息的准确性或完整性不做任何保证，也不保证所包含的信息和建议不会发生任何变更。报告中的信息和意见仅
供参考。本人过去不曾与、现在不与、未来也将不会因本报告中的具体推荐意见或观点而直接或间接收任何形式
的补偿，分析结论不受任何第三方的授意或影响，特此声明。 
免责声明 
华安证券股份有限公司经中国证券监督管理委员会批准，已具备证券投资咨询业务资格。本报告由华安证券股份
有限公司在中华人民共和国（不包括香港、澳门、台湾）提供。本报告中的信息均来源于合规渠道，华安证券研
究所力求准确、可靠，但对这些信息的准确性及完整性均不做任何保证。在任何情况下，本报告中的信息或表述
的意见均不构成对任何人的投资建议。在任何情况下，本公司、本公司员工或者关联机构不承诺投资者一定获利，
不与投资者分享投资收益，也不对任何人因使用本报告中的任何内容所引致的任何损失负任何责任。投资者务必
注意，其据此做出的任何投资决策与本公司、本公司员工或者关联机构无关。华安证券及其所属关联机构可能会
持有报告中提到的公司所发行的证券并进行交易，还可能为这些公司提供投资银行服务或其他服务。 
本报告仅向特定客户传送，未经华安证券研究所书面授权，本研究报告的任何部分均不得以任何方式制作任何形
式的拷贝、复印件或复制品，或再次分发给任何其他人，或以任何侵犯本公司版权的其他方式使用。如欲引用或
转载本文内容，务必联络华安证券研究所并获得许可，并需注明出处为华安证券研究所，且不得对本文进行有悖
原意的引用和删改。如未经本公司授权，私自转载或者转发本报告，所引起的一切后果及法律责任由私自转载或
转发者承担。本公司并保留追究其法律责任的权利。 
  
投资评级说明
以本报告发布之日起6 个月内，证券（或行业指数）相对于同期相关证券市场代表性指数的涨跌幅作为基准，A
股以沪深300 指数为基准；新三板市场以三板成指（针对协议转让标的）或三板做市指数（针对做市转让标
的）为基准；香港市场以恒生指数为基准；美国市场以纳斯达克指数或标普500 指数为基准。定义如下： 
行业评级体系 
增持—未来 6 个月的投资收益率领先市场基准指数 5%以上; 
中性—未来 6 个月的投资收益率与市场基准指数的变动幅度相差-5%至 5%; 
减持—未来 6 个月的投资收益率落后市场基准指数 5%以上; 
公司评级体系 
买入—未来6-12 个月的投资收益率领先市场基准指数15%以上； 
增持—未来6-12 个月的投资收益率领先市场基准指数5%至15%； 
中性—未来6-12 个月的投资收益率与市场基准指数的变动幅度相差-5%至5%； 
减持—未来6-12 个月的投资收益率落后市场基准指数5%至15%； 
卖出—未来6-12 个月的投资收益率落后市场基准指数15%以上； 
无评级—因无法获取必要的资料，或者公司面临无法预见结果的重大不确定性事件，或者其他原因，致使无
法给出明确的投资评级。 
 
