 
⚫ 
⚫ 
⚫ 
⚫ 
8653.78  
11926.73  
15675.64  
20407.68  
30.55  
37.82  
31.43  
30.19  
2051.22  
1981.27  
1852.46  
2413.33  
73.32  
-3.41  
-6.50  
30.28  
11.10  
10.73  
10.03  
13.06  
21.42  
22.17  
23.72  
18.20  
⚫ 
 



 

 
 
 
 
 
 
 
 
 
 
 
 
 
 
 
 
 
 
 
 
 
 
 
 
 
 
 
 
 
 
8653.78  
11926.73  
15675.64  
20407.68  
30.55  
37.82  
31.43  
30.19  
2051.22  
1981.27  
1852.46  
2413.33  
73.32  
-3.41  
-6.50  
30.28  
11.10  
10.73  
10.03  
13.06  
21.42  
22.17  
23.72  
18.20  
 
 
 
8896.87 
10628.28 
12941.48 
15799.29 
8653.78 
11926.73 
15675.64 
20407.68 
892.97 
2341.07 
3727.73 
5543.68 
3882.55 
5694.51 
7813.89 
10183.58 
274.69 
428.40 
576.47 
727.55 
74.60 
102.82 
135.14 
175.94 
693.06 
564.10 
813.18 
1123.47 
1817.25 
2862.41 
4232.42 
5510.07 
62.62 
79.16 
112.90 
148.13 
210.98 
298.17 
382.18 
497.54 
928.19 
1168.80 
1664.92 
2209.70 
-138.60 
-116.67 
-44.63 
-72.36 
6045.34 
6046.76 
6046.27 
6046.76 
-148.05 
-90.00 
0.00 
0.00 
5479.77 
5432.01 
5368.93 
5299.31 
114.31 
0.00 
0.00 
0.00 
20.35 
20.35 
20.35 
20.35 
62.47 
107.34 
109.73 
142.85 
1285.74 
1271.47 
1241.89 
1205.77 
2317.21 
2090.24 
2092.26 
2727.23 
18.45 
14.82 
11.19 
7.56 
2.70 
7.79 
3.71 
3.07 
4155.23 
4125.37 
4095.50 
4065.63 
0.12 
0.35 
0.43 
0.30 
14376.64 
16060.29 
18310.40 
21098.60 
2319.78 
2097.68 
2095.53 
2729.99 
2879.06 
3314.01 
4375.71 
5615.69 
268.58 
116.42 
243.08 
316.68 
0.00 
0.00 
0.00 
0.00 
2051.20 
1981.26 
1852.45 
2413.31 
1499.12 
1751.08 
2477.94 
3313.88 
-0.01 
-0.01 
-0.01 
-0.01 
1379.94 
1562.92 
1897.77 
2301.81 
2051.22 
1981.27 
1852.46 
2413.33 
116.07 
116.07 
116.07 
116.07 
2322.04 
2134.70 
2214.11 
2830.65 
0.00 
0.00 
0.00 
0.00 
11.10 
10.73 
10.03 
13.06 
116.07 
116.07 
116.07 
116.07 
2995.14 
3430.08 
4491.79 
5731.77 
0.98 
0.96 
0.95 
0.94 
30.55%
37.82% 
31.43%
30.19% 
11380.53 
12629.25 
13817.67 
15365.90 
72.36%
-9.79% 
0.10%
30.35% 
14376.64 
16060.29 
18310.40 
21098.60 
73.32%
-3.41% 
-6.50%
30.28% 
55.13%
52.25% 
50.15%
50.10% 
23.70%
16.61% 
11.82%
11.83% 
2185.93 
2172.79 
2038.44 
2638.99 
18.02%
15.69% 
13.41%
15.71% 
2051.20 
1981.26 
1852.45 
2413.31 
16.75%
14.66% 
12.99%
15.16% 
140.86 
153.69 
163.20 
173.02 
20.83%
21.36% 
24.53%
27.17% 
-100.39 
2.19 
2.19 
2.19 
-6.66%
-17.46% 
-26.00%
-35.20% 
-62.47 
-107.34 
-109.73 
-142.85 
3.09 
3.21 
2.96 
2.81 
178.69 
61.62 
135.17 
198.12 
2.39 
2.52 
2.32 
2.21 
-21.96 
81.37 
-4.84 
-4.80 
0.69 
0.78 
0.91 
1.04 
-2348.21 
10.05 
14.46 
44.25 
28.74 
33.93 
31.20 
31.30 
-247.13 
-97.29 
-95.27 
-98.60 
3.53 
3.50 
3.70 
3.52 
-2257.67 
0.00 
0.00 
0.00 
11.10 
10.73 
10.03 
13.06 
156.59 
107.34 
109.73 
142.85 
11.83 
11.76 
11.04 
14.29 
198.97 
-746.51 
-666.24 
-867.29 
61.61 
68.37 
74.80 
83.18 
0.00 
0.00 
0.00 
0.00 
21.42 
22.17 
23.72 
18.20 
0.00 
0.00 
0.00 
0.00 
3.86 
3.48 
3.18 
2.86 
198.97 
-746.51 
-666.24 
-867.29 
15.69 
19.55 
18.22 
13.61 
48.47 
1448.10 
1386.66 
1815.95 
5.08 
3.68 
2.80 
2.15 
 
 
