 
 
 
 
 
 
 




 
 
 
 
1572.43 
1546.93 
1683.75 
1818.61 
1072.38 
1118.00 
1178.00 
1254.00 
207.76 
288.16 
325.89 
384.45 
904.27 
949.00 
1000.00 
1065.00 
270.72 
227.63 
249.34 
265.62 
3.90 
3.88 
4.07 
4.38 
34.54 
35.33 
37.90 
40.11 
0.57 
0.43 
0.49 
0.54 
29.99 
26.78 
29.05 
31.37 
22.60 
20.96 
22.94 
24.45 
59.49 
54.26 
57.10 
59.26 
28.64 
15.64 
14.04 
13.28 
969.93 
914.76 
984.46 
1037.79 
-2.00 
-2.00 
-2.00 
-2.00 
825.30 
854.66 
884.79 
911.38 
0.01 
0.00 
0.00 
0.00 
100.19 
127.47 
159.44 
194.25 
8.31 
5.24 
6.13 
6.84 
25.90 
25.04 
24.18 
23.32 
91.44 
96.19 
104.55 
114.14 
317.83 
322.90 
321.66 
314.96 
0.80 
0.00 
0.00 
0.00 
381.38 
379.24 
379.50 
378.84 
0.69 
0.00 
0.00 
0.00 
2397.73 
2401.58 
2568.54 
2729.99 
91.55 
96.19 
104.55 
114.14 
1310.53 
1221.90 
1306.84 
1378.83 
17.90 
17.74 
19.52 
21.40 
8.46 
8.46 
8.46 
8.46 
73.65 
78.45 
85.03 
92.75 
796.47 
763.82 
831.22 
884.69 
1.55 
1.10 
1.24 
1.43 
505.61 
449.62 
467.15 
485.68 
72.10 
77.36 
83.78 
91.31 
580.60 
583.33 
583.33 
583.33 
137.06 
121.04 
128.29 
137.18 
526.57 
526.57 
526.57 
526.57 
0.83 
0.89 
0.96 
1.05 
54.03 
56.76 
56.76 
56.76 
1891.14 
1805.22 
1890.17 
1962.16 
28.23 
29.33 
30.57 
32.01 
-6.78% 
4.25% 
5.37% 
6.45% 
478.37 
567.03 
647.80 
735.83 
-17.24% 
5.20% 
8.69% 
9.18% 
2397.73 
2401.58 
2568.54 
2729.99 
-19.92% 
7.29% 
8.31% 
8.99% 
15.68% 
15.12% 
15.11% 
15.07% 
6.72% 
6.92% 
7.11% 
7.28% 
34.27 
164.97 
94.23 
111.12 
15.07% 
13.64% 
12.93% 
12.41% 
73.65 
78.45 
85.03 
92.75 
7.55% 
7.27% 
7.22% 
7.26% 
23.74 
9.20 
9.71 
9.76 
78.87% 
75.17% 
73.59% 
71.87% 
29.73 
19.80 
19.80 
19.80 
97.25% 
61.98% 
48.92% 
35.60% 
-8.31 
-5.24 
-6.13 
-6.84 
1.20 
1.27 
1.29 
1.32 
-88.29 
56.57 
-19.65 
-9.31 
0.39 
0.45 
0.47 
0.50 
3.77 
6.18 
5.48 
4.97 
0.45 
0.47 
0.47 
0.47 
-101.62 
-35.43 
-33.68 
-29.48 
4.48 
4.49 
4.94 
4.87 
-75.53 
-14.28 
-7.84 
-1.51 
1.16 
1.22 
1.25 
1.24 
-14.86 
-27.27 
-31.98 
-34.81 
0.83 
0.89 
0.96 
1.05 
-11.24 
6.12 
6.13 
6.84 
0.39 
1.90 
1.08 
1.28 
55.11 
-49.02 
-22.81 
-23.08 
5.50 
6.52 
7.45 
8.46 
-23.99 
0.00 
0.00 
0.00 
10.76 
10.03 
9.26 
8.49 
-82.61 
0.00 
0.00 
0.00 
1.62 
1.37 
1.20 
1.05 
161.71 
-49.02 
-22.81 
-23.08 
8.22 
9.46 
8.63 
7.65 
-12.17 
80.40 
37.73 
58.55 
0.72 
0.69 
0.66 
0.62 
 
 
