 
 
1 
 
 
 
◆ 
◆ 
◆ 
◆ 
◆ 
 
 
 
 
资产负债表
利润表
会计年度
2020
2021
2022
2023E
2024E
2025E
会计年度
2020
2021
2022
2023E
2024E
2025E
货币资金
1679.48
3514.61
2831.02
2530.57
3043.66
3843.55
营业收入
7049.59
7695.40
9641.79
11666.99
14647.67
17954.85
应收票据及账款
1965.38
2174.57
1624.44
1965.64
2467.82
3025.01
营业成本
5256.96
5727.40
6815.59
8204.50
10205.95
12483.02
预付账款
40.38
72.29
64.35
77.87
97.76
119.83
税金及附加
21.97
21.01
63.00
76.23
95.71
117.32
其他应收款
24.71
359.17
52.93
64.05
80.41
98.57
销售费用
106.71
73.04
90.73
110.84
146.48
179.55
存货
3774.29
3799.22
3887.95
4680.26
5821.98
7120.94
管理费用
370.14
434.17
506.80
612.52
820.27
1005.47
其他流动资产
497.65
101.86
1126.40
1148.95
1182.15
1218.98
研发费用
506.43
541.10
767.02
933.36
1171.81
1436.39
流动资产总计
7981.89
10021.73
9587.10
10467.34
12693.78
15426.87
财务费用
63.94
83.81
-22.20 
29.83
14.35
4.47
长期股权投资
433.47
530.21
635.74
708.26
780.78
853.30
资产减值损失
-65.37 
-82.72 
-339.98 
-233.34 
-292.95 
-359.10 
固定资产
2726.16
3172.40
3228.44
3093.20
3226.46
3228.21
信用减值损失
-6.29 
-9.86 
-16.67 
-15.18 
-19.06 
-23.36 
在建工程
49.36
132.50
236.33
596.94
557.55
518.16
其他经营损益
0.00
0.00
-0.00 
-0.00 
-0.00 
-0.00 
无形资产
360.20
382.09
322.14
272.30
221.68
170.30
投资收益
228.09
85.42
103.26
96.56
96.56
96.56
长期待摊费用
41.07
37.64
163.88
81.94
0.00
0.00
公允价值变动损益
7.48
57.71
52.55
0.00
0.00
0.00
其他非流动资产
2023.58
2288.12
2383.36
2379.04
2374.42
2369.81
资产处置收益
-4.26 
2.53
0.19
0.19
0.19
0.19
非流动资产合计
5633.84
6542.95
6969.89
7131.67
7160.89
7139.78
其他收益
106.71
94.96
107.18
102.95
102.95
102.95
资产总计
13615.73
16564.68
16556.99
17599.01
19854.68
22566.65
营业利润
989.80
962.92
1327.39
1650.89
2080.79
2545.87
短期借款
1040.64
793.85
385.19
0.00
0.00
0.00
营业外收入
0.33
1.14
28.00
9.82
9.82
9.82
应付票据及账款
1670.39
1440.98
1378.22
1659.08
2063.81
2524.27
营业外支出
3.16
4.15
3.85
3.72
3.72
3.72
其他流动负债
1061.02
930.85
1500.83
1473.02
1839.67
2250.72
其他非经营损益
0.00
0.00
0.00
0.00
0.00
0.00
流动负债合计
3772.06
3165.69
3264.24
3132.10
3903.48
4774.99
利润总额
986.96
959.92
1351.55
1657.00
2086.90
2551.98
长期借款
1429.75
1271.07
698.29
573.15
421.03
260.41
所得税
110.53
73.42
117.86
144.50
181.99
222.55
其他非流动负债
420.44
524.89
525.46
525.46
525.46
525.46
净利润
876.42
886.50
1233.69
1512.50
1904.91
2329.43
非流动负债合计
1850.19
1795.96
1223.74
1098.60
946.49
785.86
少数股东损益
10.94
9.52
9.70
15.67
19.74
24.14
负债合计
5622.25
4961.64
4487.99
4230.71
4849.97
5560.85
归属母公司股东净利
865.48
876.98
1223.99
1496.83
1885.17
2305.30
股本
713.17
800.10
800.96
800.96
800.96
800.96
EBITDA
1391.16
1480.04
1822.09
2397.85
2944.55
3450.08
资本公积
5147.15
7799.16
7931.84
7931.84
7931.84
7931.84
NOPLAT
932.86
911.04
1143.23
1533.98
1912.26
2327.76
留存收益
2028.91
2889.70
3212.41
4496.04
6112.71
8089.66
EPS(元)
1.08
1.09
1.52
1.86
2.35
2.87
归属母公司权益
7889.22
11488.95
11945.21
13228.85
14845.52
16822.47
少数股东权益
104.27
114.09
123.79
139.46
159.19
183.33
主要财务比率
股东权益合计
7993.49
11603.04
12069.00
13368.31
15004.71
17005.80
会计年度
2020
2021
2022
2023E
2024E
2025E
负债和股东权益合计
13615.73
16564.68
16556.99
17599.01
19854.68
22566.65
成长能力
营收增长率
48.17% 
9.16% 
25.29% 
21.00% 
25.55% 
22.58% 
现金流量表
营业利润增长率
71.73% 
-2.72% 
37.85% 
24.37% 
26.04% 
22.35% 
会计年度
2020
2021
2022
2023E
2024E
2025E
EBIT增长率
76.99% 
-0.68% 
27.37% 
26.89% 
24.57% 
21.66% 
税后经营利润
876.42
886.50
1233.69
1324.64
1717.05
2141.57
EBITDA增长率
65.64% 
6.39% 
23.11% 
31.60% 
22.80% 
17.17% 
折旧与摊销
340.26
436.31
492.74
711.03
843.30
893.63
归母净利润增长率
68.55% 
1.33% 
39.57% 
22.29% 
25.94% 
22.29% 
财务费用
63.94
83.81
-22.20 
29.83
14.35
4.47
经营现金流增长率
-96.19% 
3647.48% 
201.31% 
-49.10% 
39.72% 
19.82% 
投资损失
-228.09 
-85.42 
-103.26 
-96.56 
-96.56 
-96.56 
盈利能力
营运资金变动
-1166.03 
-569.06 
285.51
-927.64 
-941.98 
-1061.70 
毛利率
25.43% 
25.57% 
29.31% 
29.68% 
30.32% 
30.48% 
其他经营现金流
135.18
60.61
562.47
205.32
205.62
205.62
净利率
12.43% 
11.52% 
12.80% 
12.96% 
13.00% 
12.97% 
经营性现金净流量
21.69
812.76
2448.94
1246.62
1741.78
2087.04
营业利润率
14.04% 
12.51% 
13.77% 
14.15% 
14.21% 
14.18% 
资本支出
809.00
735.13
791.27
800.00
800.00
800.00
ROE
10.97% 
7.63% 
10.25% 
11.31% 
12.70% 
13.70% 
长期投资
30.89
-428.42 
-1103.11 
0.00
0.00
0.00
ROA
6.36% 
5.29% 
7.39% 
8.51% 
9.49% 
10.22% 
其他投资现金流
-94.71 
-55.04 
341.50
6.29
6.29
6.29
ROIC
14.02% 
9.88% 
10.64% 
15.41% 
17.00% 
18.60% 
投资性现金净流量
-872.82 
-1218.59 
-1552.88 
-793.71 
-793.71 
-793.71 
估值倍数
短期借款
388.36
-246.80 
-408.65 
-385.19 
0.00
0.00
P/E
148.32
146.38
104.88
85.76
68.10
55.69
长期借款
964.25
-158.68 
-572.78 
-125.14 
-152.12 
-160.62 
P/S
18.21
16.68
13.31
11.00
8.76
7.15
普通股增加
0.00
86.93
0.87
0.00
0.00
0.00
P/B
16.27
11.17
10.75
9.70
8.65
7.63
资本公积增加
83.03
2652.01
132.69
0.00
0.00
0.00
股息率
0.07% 
0.14% 
0.12% 
0.17% 
0.21% 
0.26% 
其他筹资现金流
-135.89 
-68.98 
-793.43 
-243.02 
-282.86 
-332.81 
EV/EBIT
35.78
31.86
14.79
74.93
59.98
49.07
筹资性现金净流量
1299.74
2264.48
-1641.31 
-753.35 
-434.98 
-493.44 
EV/EBITDA
27.03
22.47
10.79
52.71
42.80
36.36
现金流量净额
411.89
1841.31
-680.86 
-300.45 
513.09
799.89
EV/NOPLAT
40.31
36.51
17.20
82.39
65.91
53.89
