 
 
⚫ 
⚫ 
⚫ 
⚫ 
⚫ 

 

 

 
 
 
 
 
3895.89 
4032.64 
4179.83 
4340.75 
4.56 
3.51 
3.65 
3.85 
90.30 
97.34 
105.99 
115.51 
10.49 
7.80 
8.88 
8.99 
23.42 
25.10 
25.20 
25.20 
0.29 
0.31 
0.34 
0.37 
18.84 
17.47 
16.05 
14.72 
1.03 
1.01 
0.95 
0.89 
0.44 
0.42 
0.41 
0.39 
 
 
 
 
158807.53 
176845.78 
209996.16 246450.00 
389589.22 
403263.80 
417982.93 434075.27 
54712.78 
70418.01 
100847.74 198496.76 
298345.79 
302044.59 
312651.23 324688.30 
57601.78 
59627.03 
61803.42 
0.00 
1707.23 
1774.36 
1839.12 
1909.93 
4444.40 
4603.93 
4771.97 
4955.69 
36974.77 
39640.83 
40669.74 
41888.26 
6462.70 
6554.37 
6784.53 
7045.74 
23404.08 
30083.48 
31181.53 
31253.42 
2462.51 
2491.87 
2579.37 
2678.68 
-277.55 
0.00 
0.00 
0.00 
33123.35 
33150.57 
33209.12 
33273.13 
-347.29 
0.00 
0.00 
0.00 
514029.18 
514635.64 
514635.64 514635.64 
48.63 
0.00 
0.00 
0.00 
56510.39 
56510.39 
56510.39 
56510.39 
4666.64 
4032.64 
4597.81 
4861.64 
314391.44 
314391.44 
314391.44 314391.44 
22699.56 
26696.06 
29133.41 
31817.72 
30908.45 
30908.45 
30908.45 
30908.45 
2755.41 
1401.91 
1401.91 
1401.91 
112218.90 
112825.36 
112825.36 
112825.36 
363.46 
660.45 
660.45 
660.45 
672836.70 
691481.42 
724631.80 761085.64 
25091.52 
27437.52 
29874.87 
32559.18 
265979.68 
269234.18 
278185.92 288266.82 
4490.93 
5213.13 
5676.23 
6186.24 
710.65 
710.65 
710.65 
710.65 
20600.58 
22224.39 
24198.64 
26372.93 
160036.83 
161929.46 
167615.80 174069.01 
11570.69 
12490.11 
13599.64 
14821.59 
105232.20 
106594.08 
109859.47 
113487.17 
9029.90 
9734.28 
10599.01 
11551.34 
38068.71 
36680.76 
36680.76 
36680.76 
92314.38 
27437.52 
29874.87 
32559.18 
2127.52 
2127.52 
2127.52 
2127.52 
0.29 
0.31 
0.34 
0.37 
35941.19 
34553.23 
34553.23 
34553.23 
304048.39 
305914.94 
314866.67 324947.58 
203941.50 
216431.61 
230031.25 244852.84 
4.56%
3.51%
3.65%
3.85%
164846.81 
169134.87 
179733.88 191285.22 
-0.63%
17.61%
9.13%
9.21%
672836.70 
691481.42 
724631.80 761085.64 
10.49%
7.80%
8.88%
8.99%
23.42%
25.10%
25.20%
25.20%
2.32%
2.41%
2.54%
2.66%
91255.02 
17491.11 
25090.46 
92045.91 
5.48%
5.76%
5.90%
6.04%
20600.58 
22224.39 
24198.64 
26372.93 
2.99%
5.22%
5.38%
5.53%
77391.22 
0.00 
0.00 
0.00 
45.19%
44.24%
43.45%
42.70%
1682.54 
0.00 
0.00 
0.00 
-3.66%
-7.79%
-14.76%
-36.26%
-4666.64 
-4032.64 
-4597.81 
-4861.64 
0.60 
0.66 
0.75 
0.85 
-11261.67 
1737.14 
6231.08 
71276.08 
0.45 
0.51 
0.62 
0.72 
7508.99 
-2437.78 
-741.46 
-741.46 
0.58 
0.59 
0.59 
0.58 
-84661.82 
4844.06 
5339.27 
5603.10 
7.98 
6.88 
6.88 
14.05 
-73770.31 
251.22 
741.46 
741.46 
1.91 
1.88 
1.90 
1.90 
16244.51 
0.00 
0.00 
0.00 
0.29 
0.31 
0.34 
0.37 
-27136.02 
4592.85 
4597.81 
4861.64 
2.92 
0.56 
0.80 
2.94 
-25908.82 
-6651.88 
0.00 
0.00 
5.27 
5.41 
5.75 
6.12 
30.02 
0.00 
0.00 
0.00 
18.84 
17.47 
16.05 
14.72 
-5.60 
0.00 
0.00 
0.00 
1.03 
1.01 
0.95 
0.89 
-25933.25 
-6651.88 
0.00 
0.00 
1.68 
5.10 
3.67 
0.37 
-19250.65 
15705.23 
30429.73 
97649.02 
0.44 
0.42 
0.41 
0.39 
 
 
