 
⚫ 
⚫ 
⚫ 
⚫ 
⚫ 



 

 
 
 
 
 
⚫ 
23343.09 
28026.96 
34668.94 
43295.02 
18.79 
20.07 
23.70 
24.88 
560.16 
862.58 
1346.88 
2032.58 
-14.78 
53.99 
56.15 
50.91 
42.63 
43.55 
44.12 
45.22 
0.24 
0.37 
0.58 
0.88 
215.50 
139.95 
89.63 
59.39 
 
 
24062.14 
27325.31 
32712.96 
32251.19 
23343.09 
28026.96 
34668.94 
43295.02 
3387.38 
4235.87 
4620.28 
-1838.07 
13391.17 
15822.49 
19372.36 
23717.55 
14666.45 
15751.82 
19615.85 
23907.66 
143.95 
210.20 
256.55 
316.05 
321.17 
461.79 
547.43 
664.23 
4083.42 
5039.25 
6236.94 
7784.44 
605.91 
547.60 
742.45 
934.33 
1455.41 
1925.45 
2458.03 
3099.92 
2846.52 
3466.32 
4038.23 
4892.55 
134.76 
-35.60 
-44.86 
-55.44 
2234.71 
2861.91 
3148.71 
3690.50 
-107.07 
-98.40 
-100.20 
-99.56 
17416.76 
17876.68 
17013.97 
17810.78 
-21.92 
0.00 
0.00 
0.00 
1539.05 
1684.35 
1844.65 
1979.15 
92.97 
95.29 
190.68 
251.11 
5037.42 
5503.15 
5522.10 
5558.40 
282.38 
654.09 
1108.34 
1782.53 
2916.65 
2335.91 
1834.22 
2566.59 
39.45 
15.30 
15.67 
16.00 
7923.64 
8353.27 
7813.00 
7706.65 
92.73 
12.30 
12.46 
13.12 
41478.90 
45201.99 
49726.93 
50061.98 
229.09 
657.09 
1111.55 
1785.41 
15359.05 
18434.61 
22013.21 
26135.87 
-277.94 
-159.67 
-183.41 
-180.33 
309.66 
363.96 
431.86 
399.56 
507.03 
816.76 
1294.95 
1965.74 
6162.02 
7315.49 
8880.50 
10917.30 
-53.13 
-45.82 
-51.93 
-66.84 
8887.37 
10755.16 
12700.86 
14819.01 
560.16 
862.58 
1346.88 
2032.58 
7404.98 
7588.95 
7794.15 
2876.57 
2771.73 
3444.79 
3796.07 
3009.85 
4672.98 
4742.38 
4867.28 
0.00 
0.24 
0.37 
0.58 
0.88 
2732.00 
2846.57 
2926.87 
2876.57 
22764.03 
26023.56 
29807.37 
29012.44 
921.49 
875.67 
823.74 
756.90 
18.79%
20.07%
23.70%
24.88%
17793.39 
18302.76 
19095.82 
20292.63 
-34.22%
131.63%
69.45%
60.83%
41478.90 
45201.99 
49726.93 
50061.98 
-14.78%
53.99%
56.15%
50.91%
42.63%
43.55%
44.12%
45.22%
2.40%
3.08%
3.88%
4.69%
2495.17 
3656.23 
2336.95 
1137.00 
3.15%
4.71%
7.05%
10.02%
507.03 
816.76 
1294.95 
1965.74 
3.34%
2.92%
4.52%
8.05%
2385.31 
2823.30 
2729.39 
1279.88 
54.88%
57.57%
59.94%
57.95%
72.57 
5.05 
5.97 
0.00 
18.79%
15.98%
14.82%
21.19%
-92.97 
-95.29 
-190.68 
-251.11 
1.57 
1.48 
1.49 
1.23 
-1169.51 
-531.18 
-2416.24 
-2841.60 
1.24 
1.15 
1.17 
0.91 
792.74 
637.59 
913.56 
984.09 
0.59 
0.65 
0.73 
0.87 
-3305.27 
-2942.56 
-1665.86 
-1809.71 
1.74 
1.84 
1.96 
1.99 
-3215.03 
-2810.85 
-1873.16 
-1892.43 
2.38 
2.35 
2.39 
2.40 
-162.63 
-57.32 
59.82 
-122.30 
0.24 
0.37 
0.58 
0.88 
72.38 
-74.39 
147.48 
205.02 
1.08 
1.58 
1.01 
0.49 
538.59 
131.44 
-286.68 
-5785.64 
7.70 
7.92 
8.26 
8.78 
66.93 
54.30 
67.90 
-32.30 
215.50 
139.95 
89.63 
59.39 
118.29 
69.40 
124.90 
-4867.28 
6.78 
6.60 
6.32 
5.95 
353.37 
7.74 
-479.48 
-886.06 
41.57 
35.93 
32.58 
41.59 
-272.06 
848.49 
384.41 
-6458.35 
5.17 
4.31 
3.48 
2.79 
 
 
