 
 
 
 
⚫ 
⚫ 
⚫ 
⚫ 
⚫ 
⚫ 

 

 

 
 
 
 
10407.59 
10725.02 
11128.28 
11556.72 
3.1% 
3.1% 
3.8% 
3.9% 
1383.73 
1442.09 
1518.25 
1604.73 
5.0% 
4.2% 
5.3% 
5.7% 
29.0% 
29.6% 
29.6% 
29.6% 
6.40 
6.67 
7.02 
7.42 
16.59 
15.91 
15.12 
14.30 
1.69 
1.64 
1.59 
1.54 
2.21 
2.14 
2.06 
1.99 
 
 
 
 
568,559 
821,642 
1,129,094 
1,448,684 
1,040,759 
1,072,502 
1,112,828 
1,155,672 
242,275 
501,373 
796,989 
1,111,673 
738,772 
755,042 
783,209 
813,362 
75,741 
61,765 
68,528 
73,941 
3,759 
3,218 
3,338 
3,467 
27,817 
36,392 
38,805 
36,801 
54,564 
56,306 
58,423 
60,673 
8,315 
8,062 
8,435 
8,866 
56,937 
58,988 
61,206 
64,718 
11,229 
12,353 
12,574 
12,909 
28,163 
28,958 
30,046 
31,781 
203,182 
201,698 
203,763 
204,493 
-2,495 
-4,846 
-10,027 
-15,940 
1,504,268 
1,269,431 
1,032,764 
794,479 
0 
1,054 
1,076 
1,104 
411,057 
411,057 
411,057 
411,057 
13,170 
0 
0 
0 
714,494 
519,596 
304,348 
78,953 
2,055 
8,656 
6,466 
6,637 
50,804 
56,409 
61,480 
66,017 
176,284 
184,547 
194,176 
205,353 
327,913 
282,369 
255,879 
238,451 
3,593 
3,530 
3,530 
3,530 
2,072,827 
2,091,073 
2,161,858 
2,243,163 
1,488 
1,502 
1,502 
1,502 
633,018 
609,020 
634,286 
668,600 
178,389 
186,575 
196,204 
207,381 
0 
0 
0 
0 
39,863 
42,207 
44,212 
46,731 
354,341 
324,948 
344,782 
366,073 
138,526 
144,367 
151,992 
160,650 
278,677 
284,072 
289,504 
302,526 
153 
159 
167 
177 
78,570 
77,459 
77,700 
77,910 
138,373 
144,209 
151,825 
160,473 
0 
0 
0 
0 
366,995 
427,843 
434,572 
441,234 
78,570 
77,459 
77,700 
77,910 
711,588 
686,479 
711,987 
746,510 
4,507 
4,666 
4,833 
5,010 
3.1% 
3.1% 
3.8% 
3.9% 
1,356,732 
1,399,928 
1,445,038 
1,491,643 
4.9% 
4.7% 
5.2% 
5.8% 
2,072,827 
2,091,073 
2,161,858 
2,243,163 
5.0% 
4.2% 
5.3% 
5.7% 
29.0% 
29.6% 
29.6% 
29.6% 
13.3% 
13.5% 
13.7% 
13.9% 
315,741 
359,763 
400,699 
426,317 
10.2% 
10.3% 
10.5% 
10.8% 
138,526 
144,367 
151,992 
160,650 
9.4% 
9.4% 
9.4% 
9.4% 
191,101 
246,113 
248,395 
249,793 
34.3% 
32.8% 
32.9% 
33.3% 
-3,401 
0 
0 
0 
52.3% 
48.9% 
49.1% 
49.9% 
-14,657 
-9,653 
-10,015 
-10,401 
0.90 
1.35 
1.78 
2.17 
3,628 
-4,547 
15,485 
23,220 
0.79 
1.24 
1.67 
2.06 
544 
-16,518 
-5,158 
3,055 
0.52 
0.52 
0.52 
0.52 
-185,194 
1,458 
1,391 
2,026 
15.94 
15.60 
17.08 
16.22 
-155,016 
-8,194 
-8,624 
-8,375 
2.27 
2.22 
2.34 
2.29 
-26,194 
0 
0 
0 
6.40 
6.67 
7.02 
7.42 
-3,984 
9,653 
10,015 
10,401 
14.60 
16.64 
18.53 
19.71 
-105,167 
-102,123 
-106,474 
-113,659 
62.73 
64.73 
66.82 
68.97 
0 
0 
0 
0 
16.59 
15.91 
15.12 
14.30 
0 
0 
0 
0 
1.69 
1.64 
1.59 
1.54 
-105,167 
-102,123 
-106,474 
-113,659 
5.83 
4.40 
3.65 
2.88 
25,750 
259,098 
295,616 
314,684 
2.21 
2.14 
2.06 
1.99 
 
 
