⚫ 
⚫ 
⚫ 
⚫ 
⚫ 
⚫ 
⚫ 
18924.73  
20250.54  
21755.39  
23491.31  
-16.93  
7.01  
7.43  
7.98  
2599.13  
2778.78  
3047.92  
3255.37  
-14.38  
6.91  
9.69  
6.81  
35.91  
34.62  
34.89  
35.21  
4.27  
4.56  
5.00  
5.34  
15.65  
14.64  
13.35  
12.50  
2.14  
1.84  
1.74  
1.64  
2.15  
2.01  
1.87  
1.73  
 
维持评级 

 

 


 
 
 
-40%
-20%
0%
20%
40%
2024-04
2024-05
2024-06
2024-07
2024-08
2024-09
2024-10
2024-11
2024-12
2025-01
2025-02
2025-03
欧派家居
沪深300
 · 轻工行业
 
 
14796.33  
15407.42  
16768.21  16099.63  
18924.73  
20250.54  
21755.39  
23491.31  
7789.46  
8194.54  
9373.16  
9518.30  
12128.21  
13239.81  
14164.94  
15220.02  
1222.30  
1293.78  
1450.36  
1566.09  
170.86  
145.80  
156.64  
169.14  
88.20  
101.25  
108.78  
117.46  
1893.42  
1883.30  
1957.99  
2043.74  
59.23  
66.20  
63.74  
68.49  
1301.42  
1174.53  
1261.81  
1315.51  
806.35  
919.43  
944.33  
0.00  
-248.64  
-158.70  
-157.30  
-206.82  
4830.78  
4832.22  
4827.84  
4829.29  
0.00  
0.00  
0.00  
0.00  
20428.98  
20851.30  
21118.32  
21971.42  
61.36  
0.00  
0.00  
0.00  
0.00  
7.50  
7.50  
7.50  
90.03  
83.33  
88.23  
0.00  
8530.98  
8440.10  
8201.72  
8549.72  
2996.36  
3211.60  
3523.97  
3775.15  
1019.46  
1025.16  
1030.56  
1035.66  
24.64  
36.41  
37.33  
37.33  
10878.54  
11378.54  
11878.54  
12378.54  
26.44  
10.92  
10.68  
10.68  
35225.31  
36258.73  
37886.53  38071.05  
2994.55  
3237.09  
3550.62  
3801.80  
13717.78  
11706.17  
12059.79  10875.25  
391.24  
469.38  
514.84  
551.26  
6973.63  
6973.63  
6973.63  
6973.63  
2603.31  
2767.71  
3035.78  
3250.54  
1408.56  
1397.53  
1455.84  
0.00  
4.18  
-11.07  
-12.14  
-4.83  
5335.58  
3335.00  
3630.31  
3901.61  
2599.13  
2778.78  
3047.92  
3255.37  
2448.60  
2448.60  
2448.60  
2448.60  
3619.11  
3769.57  
4132.29  
3747.88  
3.51  
3.51  
3.51  
3.51  
4.27  
4.56  
5.00  
5.34  
2445.09  
2445.09  
2445.09  
2445.09  
16166.38  
14154.77  
14508.39  13323.85  
6.65  
-4.42  
-16.56  
-21.40  
-16.93% 
7.01% 
7.43% 
7.98% 
19052.28  
22108.38  
23394.71  
24768.59  
-14.70% 
7.18% 
9.73% 
7.13% 
35225.31  
36258.73  
37886.53  38071.05  
-14.38% 
6.91% 
9.69% 
6.81% 
35.91% 
34.62% 
34.89% 
35.21% 
13.73% 
13.72% 
14.01% 
13.86% 
5499.27  
1396.46  
4102.35  
3267.81  
13.64% 
12.57% 
13.03% 
13.14% 
2603.31  
2767.71  
3035.78  
3250.54  
8.10% 
8.52% 
9.02% 
9.16% 
1023.75  
691.18  
738.98  
152.90  
45.89% 
39.04% 
38.29% 
35.00% 
213.11  
261.94  
268.81  
261.84  
5.27% 
2.71% 
-2.48% 
-2.93% 
-90.03  
-83.33  
-88.23  
0.00  
1.08  
1.32  
1.39  
1.48  
1658.99  
-2217.63  
171.45  
-370.81  
0.78  
0.96  
1.04  
1.18  
90.14  
-23.41  
-24.44  
-26.65  
0.54  
0.57  
0.59  
0.62  
-1566.70  
-1006.76  
-893.33  
-979.35  
14.65  
16.10  
15.86  
15.58  
-1473.63  
-1082.59  
-981.56  
-979.35  
7.82  
9.44  
9.93  
20.91  
441.66  
-7.50  
0.00  
0.00  
4.27  
4.56  
5.00  
5.34  
-534.73  
83.33  
88.23  
0.00  
9.03  
2.29  
6.73  
5.36  
-3376.36  
-1867.97  
-2030.40  
-2143.33  
31.28  
36.29  
38.41  
40.66  
-822.53  
0.00  
0.00  
0.00  
15.65  
14.64  
13.35  
12.50  
-603.48  
0.00  
0.00  
0.00  
2.14  
1.84  
1.74  
1.64  
-1950.35  
-1867.97  
-2030.40  
-2143.33  
11.88  
10.95  
9.70  
10.66  
482.61  
-1551.87  
1178.62  
145.14  
2.15  
2.01  
1.87  
1.73  
 · 轻工行业
 
 
