 
 
 
 
 
 
 




 
 
 
 
22789.00 
22281.57 
23505.02 
24827.54 
21871.48 
22668.79 
23758.46 
25039.58 
4243.96 
4331.78 
4810.65 
5316.00 
19715.81 
20488.72 
21493.74 
22661.98 
3170.94 
2769.65 
2872.86 
2949.35 
97.75 
120.00 
123.30 
127.81 
682.41 
744.26 
770.92 
810.48 
87.24 
82.68 
88.25 
93.60 
243.40 
291.76 
291.96 
308.11 
346.15 
356.63 
372.35 
393.57 
7721.47 
8106.30 
8454.42 
8924.90 
194.62 
163.62 
161.87 
152.29 
6726.81 
6037.82 
6304.21 
6518.70 
-64.57 
-70.00 
-70.00 
-70.00 
9103.62 
9615.13 
9913.78 
10198.61 
0.94 
0.00 
0.00 
0.00 
1190.74 
1251.47 
1298.28 
1351.09 
15.05 
31.69 
29.11 
29.88 
531.05 
586.17 
622.88 
649.46 
805.61 
834.20 
877.75 
942.20 
352.49 
400.99 
444.98 
480.20 
12.15 
0.00 
0.00 
0.00 
7029.34 
7376.50 
7547.64 
7717.85 
17.39 
0.00 
0.00 
0.00 
31892.62 
31896.70 
33418.80 
35026.15 
800.37 
834.20 
877.75 
942.20 
17615.44 
17075.89 
18031.70 
19031.52 
173.00 
179.04 
188.04 
202.27 
1156.66 
1156.66 
1156.66 
1156.66 
627.37 
655.16 
689.71 
739.93 
8281.77 
7696.95 
8256.75 
8777.11 
165.50 
172.47 
181.56 
194.85 
8177.02 
8222.28 
8618.29 
9097.75 
461.87 
482.69 
508.15 
545.08 
6562.58 
6569.52 
6569.52 
6569.52 
1159.92 
1047.92 
1100.80 
1166.18 
5242.72 
5242.72 
5242.72 
5242.72 
1.12 
1.17 
1.23 
1.32 
1319.86 
1326.80 
1326.80 
1326.80 
24178.02 
23645.41 
24601.22 
25601.04 
3092.76 
3265.23 
3446.79 
3641.64 
-3.46% 
3.65% 
4.81% 
5.39% 
4621.85 
4986.06 
5370.79 
5783.47 
-13.50% 
3.55% 
5.22% 
7.34% 
31892.62 
31896.70 
33418.80 
35026.15 
-14.88% 
4.51% 
5.27% 
7.27% 
9.86% 
9.62% 
9.53% 
9.50% 
2.11% 
2.13% 
2.14% 
2.18% 
157.74 
986.79 
1176.57 
1207.44 
9.99% 
9.68% 
9.46% 
9.42% 
627.37 
655.16 
689.71 
739.93 
4.84% 
4.67% 
4.71% 
4.79% 
150.22 
50.10 
61.18 
71.69 
75.81% 
74.13% 
73.61% 
73.09% 
204.16 
248.50 
248.50 
248.50 
56.90% 
50.91% 
42.21% 
34.13% 
-15.05 
-31.69 
-29.11 
-29.88 
1.29 
1.30 
1.30 
1.30 
-952.89 
-102.38 
21.23 
-7.36 
0.46 
0.46 
0.47 
0.48 
143.92 
167.10 
185.05 
184.57 
0.72 
0.71 
0.73 
0.73 
-25.11 
-434.60 
-325.76 
-321.20 
7.61 
7.63 
8.42 
8.60 
-113.89 
-150.50 
-131.77 
-122.59 
2.60 
2.56 
2.69 
2.66 
-32.65 
-274.88 
-216.81 
-222.30 
1.12 
1.17 
1.23 
1.32 
121.43 
-9.21 
22.81 
23.68 
0.38 
2.39 
2.85 
2.92 
151.68 
-454.63 
-371.93 
-380.90 
11.19 
12.07 
13.00 
14.00 
-86.86 
0.00 
0.00 
0.00 
4.97 
4.76 
4.52 
4.21 
661.59 
0.00 
0.00 
0.00 
0.50 
0.46 
0.43 
0.40 
-423.05 
-454.63 
-371.93 
-380.90 
5.94 
6.20 
5.47 
4.73 
302.12 
87.82 
478.88 
505.34 
0.11 
0.10 
0.10 
0.09 
 
 
