 
 
 
 
 
 
 



 

 

 

 
 
 
 
6012.00 
8816.53 
12269.91 
16568.03 
17.30 
46.65 
39.17 
35.03 
1263.18 
2009.44 
2763.74 
3748.27 
57.17 
59.08 
37.54 
35.62 
59.67 
66.70 
66.62 
66.78 
0.54 
0.86 
1.19 
1.61 
135.37 
85.10 
61.87 
45.62 
 
 
15432.22 
16806.86 
21686.02 
28437.32 
6012.00 
8816.53 
12269.91 
16568.03 
10321.49 
11011.67 
13988.99 
18134.68 
2424.72 
2935.89 
4095.69 
5503.89 
1490.81 
1844.61 
2389.57 
3011.24 
63.92 
89.05 
126.38 
167.34 
17.39 
24.74 
26.58 
39.12 
111.00 
180.74 
239.26 
331.36 
2388.35 
2616.76 
3516.15 
4959.55 
134.32 
176.33 
263.80 
364.50 
1074.13 
1186.92 
1622.57 
2125.57 
-266.60 
0.00 
0.00 
0.00 
140.05 
122.16 
142.16 
167.16 
-27.28 
0.00 
0.00 
0.00 
7470.33 
9683.28 
9766.92 
9699.73 
3.45 
0.00 
0.00 
0.00 
0.00 
0.00 
0.00 
0.00 
0.00 
0.00 
0.00 
0.00 
347.36 
389.10 
416.62 
430.84 
1679.62 
2734.02 
3779.14 
5222.25 
4443.42 
4436.30 
4489.45 
4402.45 
1.12 
0.00 
0.00 
0.00 
2679.55 
4857.88 
4860.85 
4866.44 
0.56 
0.00 
0.00 
0.00 
22902.55 
26490.14 
31452.93 
38137.05 
1680.17 
2734.02 
3779.14 
5222.25 
1394.55 
2018.99 
2989.89 
4220.23 
-21.01 
27.34 
37.79 
52.22 
350.00 
550.00 
800.00 
1100.00 
1701.19 
2706.68 
3741.35 
5170.03 
321.78 
441.20 
658.72 
981.53 
438.01 
697.24 
977.62 
1421.76 
722.77 
1027.79 
1531.16 
2138.70 
1263.18 
2009.44 
2763.74 
3748.27 
1187.88 
1486.37 
1736.91 
2020.65 
2165.02 
3582.06 
4688.52 
6207.21 
858.90 
1159.44 
1409.98 
1693.72 
0.54 
0.86 
1.19 
1.61 
328.98 
326.93 
326.93 
326.93 
2582.43 
3505.36 
4726.80 
6240.88 
1615.04 
2312.28 
3289.89 
4711.65 
17.30%
46.65%
39.17%
35.03%
18705.08 
20672.51 
23436.24 
27184.52 
47.92%
62.78%
38.23%
38.19%
22902.55 
26490.14 
31452.93 
38137.05 
57.17%
59.08%
37.54%
35.62%
59.67%
66.70%
66.62%
66.78%
21.01%
22.79%
22.52%
22.62%
813.71 
3310.86 
3469.78 
4479.73 
6.75%
9.72%
11.79%
13.79%
1701.19 
2706.68 
3741.35 
5170.03 
6.61%
10.93%
12.90%
14.88%
755.45 
848.04 
909.38 
984.96 
11.28%
13.23%
15.03%
16.36%
9.45 
0.00 
0.00 
0.00 
-44.47%
-40.21%
-43.85%
-47.91%
0.00 
0.00 
0.00 
0.00 
11.07 
8.32 
7.25 
6.74 
-1673.99 
-244.21 
-1180.95 
-1675.27 
8.51 
6.38 
5.49 
5.02 
21.61 
0.35 
0.00 
0.00 
0.27 
0.36 
0.42 
0.48 
-1800.27 
-3061.35 
-993.01 
-917.77 
4.88 
5.29 
5.80 
6.14 
-918.11 
-865.85 
-982.90 
-907.90 
7.30 
7.70 
7.45 
6.71 
-20.00 
0.00 
0.00 
0.00 
0.54 
0.86 
1.19 
1.61 
-862.16 
-2195.50 
-10.11 
-9.87 
0.35 
1.42 
1.49 
1.93 
0.15 
440.67 
500.54 
583.74 
8.05 
8.89 
10.08 
11.70 
150.00 
200.00 
250.00 
300.00 
135.37 
85.10 
61.87 
45.62 
379.10 
300.54 
250.54 
283.74 
9.14 
8.27 
7.30 
6.29 
-528.95 
-59.87 
0.00 
0.00 
72.03 
45.16 
33.97 
25.09 
-986.42 
690.19 
2977.31 
4145.70 
28.44 
19.40 
13.94 
10.32 
 
 
