 
 
 
 
 
 
 




 
 
 
 
4473.05 
4603.66 
4923.94 
5312.21 
4367.13 
4590.00 
4896.00 
5267.00 
911.62 
843.02 
973.42 
1125.79 
3825.30 
4005.00 
4275.00 
4605.00 
852.37 
870.12 
903.12 
951.39 
16.54 
17.58 
18.40 
19.95 
322.58 
337.78 
362.64 
389.10 
23.91 
23.25 
25.16 
27.23 
301.80 
352.14 
370.30 
394.96 
148.33 
162.19 
171.58 
184.15 
748.77 
775.41 
829.27 
894.07 
53.79 
64.66 
66.03 
63.42 
1335.91 
1425.18 
1485.19 
1556.90 
-10.48 
-15.00 
-15.00 
-15.00 
4217.00 
4338.71 
4405.97 
4452.84 
0.45 
0.00 
0.00 
0.00 
527.71 
527.71 
527.71 
527.71 
7.29 
7.12 
7.17 
8.04 
739.34 
752.55 
745.21 
721.45 
148.28 
158.27 
170.71 
189.51 
1005.22 
1104.37 
1235.63 
1357.78 
6.48 
0.00 
0.00 
0.00 
1944.74 
1954.09 
1897.42 
1845.91 
3.48 
0.00 
0.00 
0.00 
8690.05 
8942.37 
9329.92 
9765.05 
151.28 
158.27 
170.71 
189.51 
4372.30 
4524.51 
4796.09 
5102.75 
33.04 
33.94 
36.32 
40.61 
401.93 
401.93 
401.93 
401.93 
118.24 
124.34 
134.38 
148.90 
1885.38 
2097.69 
2230.29 
2383.49 
34.28 
35.23 
38.53 
42.60 
2084.99 
2024.90 
2163.88 
2317.34 
83.96 
89.11 
95.86 
106.30 
2259.46 
2246.98 
2246.98 
2246.98 
275.03 
317.36 
348.19 
379.80 
1930.10 
1930.10 
1930.10 
1930.10 
0.20 
0.21 
0.23 
0.25 
329.36 
316.88 
316.88 
316.88 
6631.76 
6771.49 
7043.07 
7349.73 
898.18 
933.41 
971.93 
1014.54 
7.56% 
5.10% 
6.67% 
7.58% 
1160.11 
1237.48 
1314.91 
1400.79 
5.56% 
6.74% 
7.86% 
11.02% 
8690.05 
8942.37 
9329.92 
9765.05 
5.13% 
6.13% 
7.57% 
10.90% 
12.41% 
12.75% 
12.68% 
12.57% 
1.92% 
1.94% 
1.96% 
2.02% 
110.27 
200.24 
393.97 
410.93 
7.24% 
7.20% 
7.29% 
7.59% 
118.24 
124.34 
134.38 
148.90 
3.11% 
3.56% 
3.71% 
3.85% 
84.10 
94.43 
111.45 
126.87 
76.31% 
75.72% 
75.49% 
75.27% 
53.79 
82.89 
82.89 
82.89 
88.67% 
87.47% 
77.34% 
66.91% 
-7.29 
-7.12 
-7.17 
-8.04 
1.02 
1.02 
1.03 
1.04 
-163.37 
-124.55 
41.69 
30.77 
0.49 
0.47 
0.48 
0.50 
24.81 
30.26 
30.72 
29.54 
0.53 
0.52 
0.54 
0.55 
-503.36 
-166.54 
-162.27 
-155.24 
5.34 
5.33 
5.52 
5.68 
-443.51 
-142.37 
-176.10 
-171.20 
1.95 
2.01 
1.98 
2.00 
-75.61 
-32.16 
9.97 
11.60 
0.20 
0.21 
0.23 
0.25 
15.76 
7.99 
3.86 
4.37 
0.26 
0.48 
0.94 
0.99 
533.62 
-103.04 
-101.31 
-103.32 
2.78 
2.97 
3.15 
3.36 
51.78 
0.00 
0.00 
0.00 
12.26 
11.56 
10.74 
9.69 
350.65 
0.00 
0.00 
0.00 
0.89 
0.83 
0.78 
0.74 
131.19 
-103.04 
-101.31 
-103.32 
10.11 
9.23 
8.04 
6.97 
139.65 
-68.60 
130.39 
152.37 
0.24 
0.22 
0.21 
0.20 
 
 
