 
 
 
 
 
3097.61 
7337.30 
15135.38 
20562.93 
-6.43 
136.87 
106.28 
35.86 
688.36 
2478.47 
4571.78 
6063.69 
-23.82 
260.05 
84.46 
32.63 
30.99 
44.45 
40.65 
39.75 
0.97 
3.50 
6.45 
8.55 
134.38 
37.32 
20.23 
15.25 
16.92 
11.55 
7.35 
4.96 
29.86 
12.61 
6.11 
4.50 

 

 
 
 
 
 
 
 
 
 
4335.41 
7661.11 
14160.40 
21658.21 
3097.61 
7337.30 
15135.38 
20562.93 
2515.32 
3205.15 
5071.78 
9633.36 
2137.66 
4075.87 
8982.85 
12389.16 
715.14 
1539.09 
3231.83 
4483.81 
16.81 
25.39 
56.09 
86.31 
10.01 
24.64 
46.25 
66.10 
37.57 
88.05 
166.49 
246.76 
8.29 
10.09 
24.59 
37.55 
76.21 
143.08 
313.30 
423.60 
963.35 
2615.31 
5368.70 
6979.13 
-108.24 
-75.46 
-96.15 
-152.15 
123.30 
266.84 
417.24 
458.27 
-17.09 
0.00 
0.00 
0.00 
2104.57 
2268.61 
2207.22 
2106.33 
-14.75 
0.00 
0.00 
0.00 
0.00 
0.00 
0.00 
0.00 
2.68 
7.34 
15.14 
20.56 
1310.39 
1228.50 
1137.11 
1036.22 
784.78 
2836.22 
5222.53 
6938.49 
193.07 
213.07 
233.07 
253.07 
4.01 
3.50 
3.50 
3.50 
601.11 
827.04 
837.04 
817.04 
0.07 
1.00 
1.00 
1.00 
6439.98 
9929.72 
16367.62 
23764.54 
788.73 
2838.72 
5225.03 
6940.99 
867.39 
1756.31 
3627.43 
4967.67 
100.37 
360.25 
653.26 
877.30 
0.00 
0.00 
0.00 
0.00 
688.36 
2478.47 
4571.78 
6063.69 
598.18 
1021.23 
2210.92 
3206.77 
0.00 
0.00 
0.00 
0.00 
269.21 
735.08 
1416.51 
1760.90 
688.36 
2478.47 
4571.78 
6063.69 
106.62 
162.12 
157.12 
150.12 
819.59 
2955.15 
5330.27 
6999.72 
0.00 
0.00 
0.00 
0.00 
0.97 
3.50 
6.45 
8.55 
106.62 
162.12 
157.12 
150.12 
974.01 
1918.43 
3784.55 
5117.79 
0.00 
0.00 
0.00 
0.00 
-6.43%
136.87%
106.28%
35.86%
5465.98 
8011.28 
12583.06 
18646.75 
-23.64%
261.40%
84.14%
32.86%
6439.98 
9929.72 
16367.62 
23764.54 
-23.82%
260.05%
84.46%
32.63%
30.99%
44.45%
40.65%
39.75%
22.22%
33.78%
30.21%
29.49%
1245.98 
826.14 
2004.00 
4645.51 
12.59%
30.94%
36.33%
32.52%
688.36 
2478.47 
4571.78 
6063.69 
10.95%
30.06%
35.63%
31.80%
130.99 
191.89 
201.39 
210.89 
15.12%
19.32%
23.12%
21.54%
-18.12 
0.00 
0.00 
0.00 
-45.64%
-39.81%
-40.22%
-51.64%
-2.68 
-7.34 
-15.14 
-20.56 
5.00 
4.36 
3.90 
4.36 
432.32 
-1736.85 
-2751.53 
-1606.00 
3.77 
2.82 
2.38 
2.93 
15.13 
-100.03 
-2.50 
-2.50 
0.50 
0.90 
1.15 
1.02 
-449.59 
-202.66 
-122.36 
-86.94 
4.50 
6.51 
6.34 
5.33 
-554.31 
-227.50 
-177.50 
-77.50 
4.13 
5.03 
5.56 
4.57 
94.12 
0.00 
0.00 
0.00 
0.97 
3.50 
6.45 
8.55 
10.60 
24.84 
55.14 
-9.44 
1.76 
1.17 
2.83 
6.55 
-67.23 
80.91 
-15.00 
3.00 
7.71 
11.30 
17.75 
26.31 
0.00 
0.00 
0.00 
0.00 
134.38 
37.32 
20.23 
15.25 
0.00 
0.00 
0.00 
0.00 
16.92 
11.55 
7.35 
4.96 
-67.23 
80.91 
-15.00 
3.00 
39.68 
30.22 
16.40 
11.84 
754.02 
689.82 
1866.63 
4561.58 
29.86 
12.61 
6.11 
4.50 
 
 
