 
 
 
 
 
 
 



 

 
 
 
 
13147.69  
14201.02  
15663.80  
17828.30  
-8.40  
8.01  
10.30  
13.82  
1911.15  
2265.11  
2719.54  
3276.47  
4.10  
18.52  
20.06  
20.48  
29.16  
30.67  
31.50  
32.03  
1.31  
1.55  
1.86  
2.24  
55.19  
46.56  
38.78  
32.19  
 
 
13986.71 
15520.93 
18041.36 
21246.18 
13147.69 
14201.02 
15663.80 
17828.30 
6516.82 
7542.03 
10245.59 
12220.59 
9313.66 
9845.81 
10729.40 
12118.72 
2268.42 
2570.07 
2604.04 
2915.25 
56.41 
58.22 
62.66 
74.88 
59.29 
65.09 
75.37 
82.63 
772.96 
864.84 
925.73 
1012.65 
228.73 
267.99 
231.53 
296.33 
352.92 
352.19 
390.03 
447.49 
3858.53 
3861.17 
3878.78 
4514.37 
-53.10 
-77.95 
-90.15 
-122.66 
1054.92 
1214.58 
1006.05 
1217.01 
-136.92 
-125.50 
-117.89 
-140.92 
22630.78 
23563.77 
24205.83 
24464.77 
0.00 
0.00 
0.00 
0.00 
7558.92 
8237.01 
8835.21 
9544.73 
563.12 
624.84 
712.70 
855.76 
2853.89 
3120.47 
3128.63 
2848.70 
2287.31 
2708.80 
3243.52 
3920.11 
4082.05 
3905.54 
3788.83 
3504.24 
14.67 
15.30 
15.67 
16.00 
8135.92 
8300.75 
8453.16 
8567.11 
11.41 
12.30 
12.46 
13.12 
36617.49 
39084.71 
42247.19 
45710.95 
2290.57 
2711.80 
3246.73 
3922.99 
5586.35 
6145.80 
6743.11 
7341.72 
297.14 
352.81 
412.98 
513.91 
22.00 
12.00 
35.51 
3.21 
1993.43 
2359.00 
2833.74 
3409.08 
2388.43 
2584.53 
2876.07 
3208.09 
82.28 
93.89 
114.20 
132.61 
3175.92 
3549.27 
3831.53 
4130.42 
1911.15 
2265.11 
2719.54 
3276.47 
9704.29 
9714.59 
10007.89 
10140.89 
2649.86 
3742.40 
4345.30 
5027.90 
98.24 
123.54 
382.84 
535.84 
1.31 
1.55 
1.86 
2.24 
9606.05 
9591.05 
9625.05 
9605.05 
15290.64 
15860.39 
16751.00 
17482.61 
924.75 
1018.64 
1132.84 
1265.46 
-8.40%
8.01%
10.30%
13.82%
20402.09 
22205.68 
24363.35 
26962.88 
5.14%
18.43%
19.74%
20.86%
36617.49 
39084.71 
42247.19 
45710.95 
4.10%
18.52%
20.06%
20.48%
29.16%
30.67%
31.50%
32.03%
14.54%
15.95%
17.36%
18.38%
2721.82 
2919.97 
4082.15 
3198.24 
9.37%
10.20%
11.16%
12.15%
1993.43 
2359.00 
2833.74 
3409.08 
6.93%
9.49%
10.31%
11.17%
877.61 
1108.54 
1188.72 
1227.57 
41.76%
40.58%
39.65%
38.25%
50.45 
0.26 
0.36 
0.29 
-26.25%
-28.52%
-35.34%
-38.56%
-562.90 
-624.84 
-712.70 
-855.76 
2.50 
2.53 
2.68 
2.89 
134.43 
-141.86 
559.02 
-810.98 
1.62 
1.69 
1.95 
2.11 
228.79 
218.88 
213.01 
228.04 
0.39 
0.38 
0.39 
0.41 
-1320.29 
-1433.28 
-1133.18 
-646.71 
5.48 
5.87 
6.05 
6.46 
-857.87 
-1356.43 
-1234.09 
-752.45 
4.21 
3.96 
3.93 
3.98 
-579.41 
-682.39 
-587.90 
-715.92 
1.31 
1.55 
1.86 
2.24 
117.00 
605.54 
688.81 
821.66 
1.86 
2.00 
2.79 
2.19 
-2257.40 
-467.94 
-245.42 
-576.52 
13.94 
15.18 
16.65 
18.43 
-138.11 
-10.00 
23.51 
-32.30 
55.19 
46.56 
38.78 
32.19 
-1176.89 
25.30 
259.30 
153.00 
5.17 
4.75 
4.33 
3.91 
-942.40 
-483.24 
-528.23 
-697.22 
37.82 
26.41 
22.20 
18.81 
-849.41 
1025.21 
2703.56 
1975.00 
8.02 
7.43 
6.73 
5.92 
 
 
