 · 建筑行业
 
 
 
 
 
 
 
186,613 
195,169 
207,045 
220,870 
4.1% 
4.6% 
6.1% 
6.7% 
5,688 
6,291 
6,827 
7,470 
4.8% 
10.6% 
8.5% 
9.4% 
10.1% 
10.1% 
10.1% 
10.3% 
0.93 
1.03 
1.12 
1.22 
8.36 
7.56 
6.97 
6.37 
 
维持评级 
龙天光




 
 
 · 建筑行业
 
 
175,157 
183,458 
199,712 
218,736 
186,613 
195,169 
207,045 
220,870 
50,067 
54,286 
62,971 
73,069 
167,055 
174,800 
185,400 
197,500 
36,252 
32,092 
34,639 
38,643 
576 
615 
645 
689 
5,097 
5,316 
5,580 
5,931 
501 
537 
565 
601 
18,473 
19,817 
20,658 
22,079 
3,548 
3,693 
3,766 
4,134 
5,848 
6,561 
6,598 
7,122 
6,534 
6,758 
7,183 
7,685 
59,420 
65,386 
69,265 
71,892 
222 
133 
141 
104 
58,265 
57,898 
57,254 
56,255 
-133 
-103 
-104 
-105 
3,963 
4,363 
4,763 
5,163 
-163 
0 
0 
0 
13,807 
16,632 
17,306 
16,789 
-456 
-578 
-531 
-483 
4,727 
4,945 
5,141 
5,315 
7,426 
7,953 
8,711 
9,571 
35,768 
31,958 
30,044 
28,988 
120 
125 
135 
127 
233,421 
241,357 
256,965 
274,991 
187 
103 
121 
137 
155,584 
157,764 
167,144 
178,331 
7,359 
7,976 
8,725 
9,561 
2,760 
2,760 
2,760 
2,760 
1,117 
1,131 
1,247 
1,391 
88,840 
83,048 
91,294 
98,705 
6,242 
6,845 
7,478 
8,169 
63,983 
71,956 
73,089 
76,866 
554 
554 
651 
699 
8,939 
8,961 
8,942 
8,948 
5,688 
6,291 
6,827 
7,470 
5,308 
5,308 
5,308 
5,308 
9,361 
11,610 
12,785 
13,917 
3,631 
3,653 
3,634 
3,640 
0.93 
1.03 
1.12 
1.22 
164,524 
166,725 
176,086 
187,279 
6,622 
7,176 
7,827 
8,526 
4.1% 
4.6% 
6.1% 
6.7% 
62,276 
67,455 
73,053 
79,186 
8.9% 
7.1% 
9.5% 
9.9% 
233,421 
241,357 
256,965 
274,991 
4.8% 
10.6% 
8.5% 
9.4% 
10.1% 
10.1% 
10.1% 
10.3% 
3.4% 
3.5% 
3.6% 
3.7% 
8,722 
8,742 
13,478 
14,942 
9.1% 
9.3% 
9.3% 
9.4% 
6,242 
6,845 
7,478 
8,169 
8.0% 
8.1% 
8.3% 
8.4% 
1,780 
3,501 
3,919 
4,253 
70.5% 
69.1% 
68.5% 
68.1% 
352 
234 
234 
234 
238.8% 
223.4% 
217.7% 
213.5% 
-52 
74 
48 
25 
1.13 
1.16 
1.19 
1.23 
-403 
-3,207 
1,447 
1,536 
0.64 
0.66 
0.69 
0.73 
803 
1,296 
353 
726 
0.82 
0.82 
0.83 
0.83 
-3,760 
-3,172 
-3,283 
-3,251 
5.95 
5.69 
6.18 
6.01 
-3,011 
-2,698 
-2,822 
-2,814 
2.03 
2.03 
2.13 
2.08 
-1,121 
-400 
-413 
-413 
0.93 
1.03 
1.12 
1.22 
373 
-74 
-48 
-25 
1.43 
1.43 
2.21 
2.45 
-5,409 
-1,351 
-1,511 
-1,593 
10.20 
11.05 
11.96 
12.97 
1,405 
0 
0 
0 
8.36 
7.56 
6.97 
6.37 
-1,850 
0 
0 
0 
0.76 
0.71 
0.65 
0.60 
-4,964 
-1,351 
-1,511 
-1,593 
0.85 
0.32 
-0.38 
-1.08 
-558 
4,219 
8,685 
10,098 
0.26 
0.24 
0.23 
0.22 
 · 建筑行业
 
 
