 
 
 
 
 
 
 
6345.52 
6560.00 
6917.00 
7379.00 
4.05 
3.38 
5.44 
6.68 
120.15 
125.56 
132.85 
142.44 
-7.21 
4.51 
5.80 
7.22 
13.19 
12.98 
12.92 
12.77 
0.70 
0.73 
0.77 
0.83 
6.90 
6.60 
6.24 
5.82 

 

 


 
 
 
 
 
5328.07 
4921.37 
4873.22 
4928.17 
6345.52 
6560.00 
6917.00 
7379.00 
1150.38 
886.98 
641.83 
468.53 
5504.55 
5708.50 
6023.00 
6437.00 
1259.02 
1175.63 
1205.62 
1255.30 
24.80 
24.56 
26.03 
27.90 
289.77 
312.02 
325.99 
347.11 
14.78 
15.30 
16.12 
17.21 
368.79 
377.05 
399.41 
427.07 
192.68 
197.57 
209.04 
222.97 
188.27 
191.48 
202.25 
216.77 
102.47 
121.86 
127.13 
132.03 
2071.85 
1978.21 
2098.13 
2213.39 
-13.66 
-10.00 
-9.00 
-8.00 
7561.94 
8104.18 
8621.79 
9095.00 
0.32 
0.00 
0.00 
0.00 
442.67 
464.89 
523.61 
554.85 
3.04 
6.20 
5.94 
6.08 
1461.38 
1601.29 
1694.70 
1799.22 
194.14 
204.71 
215.97 
231.78 
2688.99 
3066.11 
3420.21 
3751.30 
4.48 
0.00 
0.00 
0.00 
2968.91 
2971.89 
2983.26 
2989.63 
3.31 
0.00 
0.00 
0.00 
12890.01 
13025.56 
13495.01 
14023.17 
195.31 
204.71 
215.97 
231.78 
6037.78 
6032.33 
6350.10 
6715.56 
37.05 
37.93 
40.10 
43.16 
397.02 
397.02 
397.02 
397.02 
158.26 
166.78 
175.87 
188.62 
2569.93 
2532.83 
2709.73 
2901.21 
38.11 
41.22 
43.02 
46.18 
3070.84 
3102.49 
3243.35 
3417.34 
120.15 
125.56 
132.85 
142.44 
4136.46 
4136.46 
4136.46 
4136.46 
500.14 
479.89 
539.99 
607.52 
3555.82 
3555.82 
3555.82 
3555.82 
0.70 
0.73 
0.77 
0.83 
580.64 
580.64 
580.64 
580.64 
10174.24 
10168.79 
10486.56 
10852.02 
1060.20 
1101.42 
1144.44 
1190.62 
4.05% 
3.38% 
5.44% 
6.68% 
1655.57 
1755.34 
1864.01 
1980.53 
-6.48% 
5.44% 
5.50% 
7.32% 
12890.01 
13025.56 
13495.01 
14023.17 
-7.21% 
4.51% 
5.80% 
7.22% 
13.19% 
12.98% 
12.92% 
12.77% 
1.90% 
1.91% 
1.92% 
1.93% 
245.46 
590.02 
624.79 
700.40 
7.26% 
7.15% 
7.13% 
7.19% 
158.26 
166.78 
175.87 
188.62 
3.26% 
3.52% 
3.62% 
3.76% 
201.68 
153.31 
196.89 
243.71 
78.93% 
78.07% 
77.71% 
77.39% 
119.13 
144.87 
144.87 
144.87 
130.70% 
133.47% 
134.89% 
133.44% 
-3.04 
-6.20 
-5.94 
-6.08 
0.88 
0.82 
0.77 
0.73 
-301.28 
77.86 
61.76 
84.21 
0.48 
0.43 
0.38 
0.34 
70.71 
53.40 
51.33 
45.07 
0.52 
0.51 
0.52 
0.54 
-555.80 
-682.76 
-700.89 
-702.91 
5.46 
5.39 
5.81 
6.00 
-552.09 
-666.74 
-648.11 
-677.75 
2.26 
2.24 
2.30 
2.29 
-21.23 
-22.22 
-58.72 
-31.24 
0.70 
0.73 
0.77 
0.83 
17.51 
6.20 
5.94 
6.08 
1.42 
3.43 
3.63 
4.07 
487.03 
-167.72 
-169.05 
-170.80 
9.61 
10.19 
10.82 
11.50 
70.32 
0.00 
0.00 
0.00 
6.90 
6.60 
6.24 
5.82 
403.76 
0.00 
0.00 
0.00 
0.50 
0.47 
0.44 
0.42 
12.95 
-167.72 
-169.05 
-170.80 
8.98 
9.67 
9.05 
8.33 
173.74 
-263.40 
-245.15 
-173.30 
0.13 
0.13 
0.12 
0.11 
 
 
