 
⚫ 
⚫ 
⚫ 
⚫ 
⚫ 
⚫ 

 

 


 
 
 
 
 
10056.95  
9797.14  
9980.80  
10470.02  
12634.75  
12975.06  
13576.23  
14639.78  
2345.13  
2053.50  
1838.29  
1715.23  
11352.45  
11734.07  
12262.87  
13216.22  
1568.52  
1512.90  
1594.67  
1732.34  
61.92  
68.55  
71.01  
76.05  
383.14  
394.44  
412.69  
445.01  
68.50  
71.03  
74.18  
79.97  
455.85  
514.69  
528.27  
566.40  
273.99  
284.17  
296.25  
319.63  
2193.61  
2330.16  
2416.94  
2603.10  
48.71  
72.71  
83.93  
92.29  
3110.71  
2991.46  
3189.94  
3407.95  
-20.60  
-1.77  
-1.68  
-1.43  
8237.45  
8956.78  
9734.90  
10473.71  
-2.46  
0.00  
0.00  
0.00  
1237.75  
1382.39  
1523.90  
1666.02  
-0.71  
5.28  
4.79  
4.43  
714.86  
728.84  
742.68  
756.74  
462.82  
459.75  
488.47  
532.57  
1983.86  
2353.59  
2706.91  
3054.00  
10.32  
0.00  
0.00  
0.00  
4300.98  
4491.95  
4761.41  
4996.95  
12.44  
0.00  
0.00  
0.00  
18294.39  
18753.93  
19715.71  20943.73  
460.70  
459.75  
488.47  
532.57  
10106.42  
10187.17  
10749.47  
11542.12  
84.33  
84.00  
88.99  
97.20  
673.78  
716.08  
755.07  
782.27  
376.36  
375.75  
399.48  
435.38  
5225.63  
4806.80  
5154.00  
5596.47  
41.54  
39.83  
42.90  
46.77  
4207.00  
4664.29  
4840.40  
5163.37  
334.83  
335.93  
356.58  
388.61  
3588.95  
3588.95  
3588.95  
3588.95  
657.57  
611.69  
655.63  
710.54  
2797.19  
2797.19  
2797.19  
2797.19  
1.35  
1.36  
1.44  
1.57  
791.77  
791.77  
791.77  
791.77  
13695.37  
13776.12  
14338.42  15131.07  
1273.68  
1313.51  
1356.41  
1403.18  
9.45% 
2.69% 
4.63% 
7.83% 
3325.34  
3664.29  
4020.87  
4409.48  
7.51% 
-0.66% 
6.25% 
9.03% 
18294.39  
18753.93  
19715.71  20943.73  
7.07% 
0.33% 
6.15% 
8.98% 
10.01% 
9.56% 
9.67% 
9.72% 
2.66% 
2.59% 
2.63% 
2.65% 
383.63  
619.55  
759.54  
817.04  
10.07% 
9.17% 
8.87% 
8.81% 
376.36  
375.75  
399.48  
435.38  
4.84% 
4.71% 
4.84% 
5.04% 
135.54  
79.23  
83.23  
85.68  
74.86% 
73.46% 
72.73% 
72.25% 
47.84  
154.79  
155.80  
156.63  
40.62% 
44.23% 
45.68% 
44.84% 
0.71  
-5.28  
-4.79  
-4.43  
1.00  
0.96  
0.93  
0.91  
-250.53  
18.52  
129.58  
148.19  
0.44  
0.40  
0.37  
0.35  
73.71  
-3.46  
-3.77  
-4.40  
0.73  
0.70  
0.71  
0.72  
-746.41  
-802.48  
-858.50  
-811.33  
9.04  
8.42  
8.74  
8.80  
-565.18  
-670.27  
-667.69  
-644.42  
2.50  
2.34  
2.46  
2.46  
-204.40  
-138.78  
-196.70  
-172.44  
1.35  
1.36  
1.44  
1.57  
23.17  
6.57  
5.90  
5.53  
1.55  
2.50  
3.07  
3.30  
271.31  
-111.78  
-116.25  
-128.77  
13.44  
14.80  
16.25  
17.82  
-38.32  
42.30  
38.99  
27.21  
4.26  
4.24  
4.00  
3.67  
393.41  
0.00  
0.00  
0.00  
0.43  
0.39  
0.35  
0.32  
-83.77  
-154.08  
-155.24  
-155.98  
4.98  
5.93  
5.92  
5.67  
-88.38  
-291.63  
-215.21  
-123.06  
0.11  
0.11  
0.11  
0.10  
 
 
