 
 
 
 
银行 | 证券研究报告 — 调整盈利预测 
2023 年4 月28 日 
  
601658.SH 
增持 
原评级：增持 
市场价格:人民币5.50 
板块评级:强于大市 
 
本报告要点 
 
手续费持续快速增长，持续推荐 
股价表现 
 
 
发行股数 (百万) 
99,161.08
流通股 (百万) 
10,352.95
总市值 (人民币 百万) 
524,234.13
3 个月日均交易额 (人民币 百万) 
839.94
主要股东 
中国邮政集团有限公司 
62.78
资料来源：公司公告，Wind，中银证券 
以2023 年4 月27 日收市价为标准 
 
相关研究报告 
《邮储银行》20230402 
《邮储银行》20230330 
《邮储银行》20221027 
 
中银国际证券股份有限公司 
具备证券投资咨询业务资格 
银行：国有大型银行Ⅱ 
证券分析师：林媛媛 
(86755)82560524 
yuanyuan.lin@bocichina.com 
证券投资咨询业务证书编号：S1300521060001 
联系人：丁黄石 
huangshi.ding@bocichina.com 
一般证券业务证书编号：S1300122030036 
 
邮储银行 
  
手续费持续快速增长，持续推荐 
  
邮储银行2023 年Q1 业绩同比增长5.2%，贡献主要来自规模和拨备，营收
同比增长3.5%。收入端压力主要来自净息差同比下降压力，资产质量改善，
拨备少提，贡献业绩。在重定价和市场压力下，1 季报表现积极，亮点突出：
第一，手续费净收入同比增长27.5%，大幅好于同业，财富战略成效不断显
现；第二，1 季度净息差环比降幅好于预期，存款负债成本管控优秀，负债
成本降幅较大，存款成本优势持续，零售客户优势强化。第三，资产质量改
善，存量拨备仍较高。公司业务扎根个人和小微，存量客户潜力大，财富业
务持续激活客群优势，财务表现不断验证基本面改善，是大行中成长品种，
2023NPB0.66X，核心组合推荐，维持增持评级。 
支撑评级的要点 
 
净息差环比表现好于预期，负债方成本控制优秀 
1 季度净息差2.09%，同比下降23bp，使得规模增长两位数，净利息收入增长
仅1%。测算净息差环比上季度下降2bp，较上年全年下降11bp，测算生息资
产收益率3.65%，环比下降6bp，1 季度按揭等贷款重定价集中释放压制资产
端，负债付息率1.54%，环比下降6bp，公司公告1 季度计息负债付息率1.57%,
较上年下降6bp，预计存款成本下行带动负债成本下降，缓解息差压力。 
费用同比增11.8%，成本收入比55.9%，同比上升4 个百分点，费用刚性突出。
 
手续费净收入持续高增，大幅优于银行同业 
1 季度手续费净收入同比增长27.5%，大幅好于大行和股份行，如果考虑到去
年理财一次性确认因素，1 季度较去年全年也显著提速。财富战略发展效果不
断显现。其他非息同比略降2.6%。 
 
资产质量持续改善，拨备少提贡献盈利，存量拨备高位略降 
1 季度不良和关注贷款占比下降，不良率0.82%，环比上季度下降2bp，关注
贷款占比0.55%，较上季下降1bp，逾期贷款占比0.95%，环比上季度持平。
资产减值损失同比下降25.7%，贡献盈利。存量贷款拨备覆盖率381%，较上
季度下降4.4 个百分点。拨贷比3.13%，较上季度下降0.13 个百分点。 
 
规模持续较快增长，核心一级资本充足率同比略降 
1 季度末总资产同比增长10.72%，贷款同比增长12%，存款同比增长11.1%，
同比增速略降。融资后，核心一级资本充足率9.72%，较去年上升0.36 个百
分点，同比下降0.2 个百分点，加权风险资产同比增长16.6%，仍快于ROE。
如未来公司可实行高级法，资本或可更节约。 
估值 
 
根据季报，我们调整对公司2023 至2025 年EPS 预测为0.87/0.95/1.05 元，
目前股价对应2023/2024 年市净率为0.66x/0.59x，维持增持评级。 
评级面临的主要风险 
 
经济下行导致资产质量恶化超预期。 
 
投资摘要 
年结日: 12 月31 日 
2021 
2022 
2023E 
2024E 
2025E 
营业收入 
318,762 
334,956 
366,217 
409,674 
458,631 
变动 (%) 
11.38 
5.08 
9.33 
11.87 
11.95 
归母净利润 
76,170 
85,224 
92,024 
100,231 
110,093 
变动 (%) 
18.65 
11.89 
7.98 
8.92 
9.84 
每股收益(元) 
 0.78 
 0.86 
 0.87 
 0.95 
 1.05 
原预测 
 
 
0.91 
1.02 
1.14 
变动 (%) 
 
 
-4.4 
-6.7 
-7.9 
净资产收益率(%) 
12.91 
12.91 
12.22 
11.50 
11.27 
市盈率 (倍) 
 7.00 
 6.33 
 6.29 
 5.74 
 5.20 
市净率 (倍) 
 0.79 
 0.74 
 0.66 
 0.59 
 0.52 
资料来源：公司公告，中银证券预测 
(26%)
(18%)
(10%)
(2%)
7%
15%
Apr-22 
May-22 
Jul-22 
Aug-22 
Sep-22 
Oct-22 
Nov-22 
Dec-22 
Jan-23 
Feb-23 
Mar-23 
Apr-23 
邮储银行 
上证综指 
2023 年4 月28 日 
邮储银行 
2 
 
 
图表1. 邮储银行2023 年一季报摘要 
 
资料来源：公司公告，中银证券，除百分比外，其他为RMB 百万 
 
证券名称：邮储银行(601658.SH)
项目名称：财报点评
单位：
除百分比外，其他为RMB 百万 
更新：保持F列显示最新报告期同比数据，l列显示最新报告期季度数据
累积同比
季度环比
季度同比
1Q22
1Q23
YoY(%)
1Q22
2Q22
3Q22
4Q22
1Q23
QoQ(%)
YoY(%)
返回汇总指标
利润表（百万元）
返回目录
利息收入
116,799
121,197
3.8
116,799
118,648
119,103
119,690
121,197
1.3
3.8
利息支出
(48,083)
(51,799)
7.7
(48,083)
(50,247)
(50,779)
(51,538)
(51,799)
0.5
7.7
净利息收入
68,716
69,398
1.0
68,716
68,401
68,324
68,152
69,398
1.8
1.0
净手续费收入
9,087
11,586
27.5
9,087
8,793
5,759
4,795
11,586
141.6
27.5
净其他非息收入
7,367
7,179
(2.6)
7,367
11,097
9,387
5,078
7,179
41.4
(2.6)
净非利息收入
16,454
18,765
14.0
16,454
19,890
15,146
9,873
18,765
90.1
14.0
营业收入
85,170
88,163
3.5
85,170
88,291
83,470
78,025
88,163
13.0
3.5
税金及附加
(682)
(762)
11.7
(682)
(714)
(585)
(639)
(762)
19.2
11.7
业务及管理费
(44,107)
(49,296)
11.8
(44,107)
(48,191)
(48,647)
(64,760)
(49,296)
(23.9)
11.8
营业费用及营业税
(44,789)
(50,058)
11.8
(44,789)
(48,905)
(49,232)
(65,399)
(50,058)
(23.5)
11.8
营业外收入及其他费用
12
(20)
(266.7)
12
22
12
34
(20)
(158.8)
(266.7)
拨备前利润
40,393
38,085
(5.7)
40,393
39,408
34,250
12,660
38,085
200.8
(5.7)
资产减值损失
(11,600)
(8,621)
(25.7)
(11,600)
(15,508)
(4,365)
(3,874)
(8,621)
122.5
(25.7)
税前利润
28,793
29,464
2.3
28,793
23,900
29,885
8,786
29,464
235.4
2.3
所得税
(3,767)
(3,179)
(15.6)
(3,767)
(1,756)
(3,120)
2,634
(3,179)
(220.7)
(15.6)
税后利润
25,026
26,285
5.0
25,026
22,144
26,765
11,420
26,285
130.2
5.0
归母利润
24,977
26,280
5.2
资产负债（百万元）
-11%
较年初(%)
生息资产
12,472,445
13,821,403
10.8
12,472,445
12,603,735
12,726,800
13,254,756
13,821,403
4.3
4.3
贷款总额
6,808,773
7,622,902
12.0
6,808,773
6,991,064
7,151,869
7,210,433
7,622,902
5.7
5.7
计息负债
12,324,848
13,712,059
11.3
12,324,848
12,464,438
12,604,624
13,146,325
13,712,059
4.3
4.3
存款
11,919,329
13,240,198
11.1
11,919,329
12,122,517
12,265,045
12,714,485
13,240,198
4.1
4.1
加权风险资产
6,580,403
7,671,646
16.6
6,580,403
6,973,885
7,067,183
7,266,134
7,671,646
5.6
5.6
业绩增长拆分
1Q22
1Q23
1Q22
2Q22
3Q22
4Q22
1Q23
规模增长
11.14
11.30
4.22
3.15
1.15
2.55
4.03
净息差扩大
(7.04)
(10.31)
(3.90)
(3.60)
(1.26)
(2.80)
(2.20)
非息收入
6.05
2.52
5.60
4.12
(5.35)
(6.27)
11.17
成本
0.37
(9.23)
112.64
(6.10)
(7.63)
(56.51)
187.84
拨备
8.35
8.04
97.25
(14.56)
38.13
(7.56)
34.52
税收
(1.52)
2.70
(102.05)
5.48
(4.17)
13.27
(105.19)
净息差
年累计同比
季度环比
单季度指标（年化）
QoQ(bp)
净息差-测算2
2.26
2.05
(0.21)
2.26
2.18
2.16
2.10
2.05
(0.05)
生息资产收益率-测算2
3.84
3.58
(0.26)
3.84
3.79
3.76
3.69
3.58
(0.10)
计息负债成本率-测算2
1.60
1.54
(0.06)
1.60
1.62
1.62
1.60
1.54
(0.06)
净息差-测算3
2.32
2.22
2.15
2.11
2.09
(0.02)
生息资产收益率-测算3
3.94
3.85
3.75
3.71
3.65
(0.06)
累计指标（年化）
年累计同比
净息差-公告
2.32
2.09
(0.23)
2.32
2.27
2.23
2.20
2.09
净利差-公告
2.29
2.07
(0.22)
2.29
2.24
2.21
2.18
2.07
存贷利差-公告
0.00
0.00
N.A.
2.98
2.87
生息资产收益率-公告
0.00
0.00
N.A.
3.89
3.81
计息负债成本率-公告
0.00
0.00
N.A.
1.65
1.63
1.57
贷款收益率-公告
0.00
0.00
N.A.
存款成本率-公告
0.00
0.00
N.A.
净息差-测算2
2.26
2.05
(0.21)
2.26
2.22
2.20
2.17
2.05
生息资产收益率-测算2
3.84
3.58
(0.26)
3.84
3.81
3.79
3.77
3.58
计息负债成本率-测算2
1.60
1.54
(0.06)
1.60
1.61
1.61
1.61
1.54
规模
年累计同比
季度环比
QoQ(%)
季度环比
总资产
13274075
14697475
10.72
13274075
13426421
13523061
14067282
14697475
4.48
生息资产-期末时点
12472445
13821403
10.82
12472445
12603735
12726800
13254756
13821403
4.28
贷款总额--期末时点
6808773
7622902
11.96
6808773
6991064
7151869
7210433
7622902
5.72
债券投资计息-期末时点
3748504
4192403
11.84
3748504
3715808
3802897
4083865
4192403
2.66
交易类-期末时点
802425
872733
8.76
802425
829715
854149
865688
872733
0.81
计息负债--期末时点
12324848
13712059
11.26
12324848
12464438
12604624
13146325
13712059
4.30
存款--期末时点
11919329
13240198
11.08
11919329
12122517
12265045
12714485
13240198
4.13
规模同比
总资产
10.97
10.72
10.97
9.90
10.65
11.75
10.72
生息资产
9.25
10.82
9.25
7.61
8.94
11.71
10.82
贷款总额
13.69
11.96
13.69
12.90
12.25
11.72
11.96
债券投资
3.75
11.72
3.75
3.86
6.23
13.93
11.72
交易类
49.30
8.76
49.30
65.18
57.52
14.41
8.76
计息负债
10.93
11.26
10.93
9.79
11.12
12.51
11.26
存款
10.17
11.08
10.17
11.08
11.30
11.98
11.08
结构占比
生息资产/总资产
93.96
94.04
0.08
93.96
93.87
94.11
94.22
94.04
(0.20)
贷款总额/生息资产
54.59
55.15
0.56
51.29
52.07
52.89
51.26
51.87
1.19
债券投资/生息资产
30.05
30.33
0.28
28.24
27.68
28.12
29.03
28.52
(1.74)
交易类/总资产
6.05
5.94
(0.11)
6.05
6.18
6.32
6.15
5.94
(3.51)
计息负债/生息资产
98.82
99.21
0.39
98.82
98.89
99.04
99.18
99.21
0.03
存款/计息负债
96.71
96.56
(0.15)
96.71
97.26
97.31
96.72
96.56
(0.16)
贷存比
57.12
57.57
0.45
57.12
57.67
58.31
56.71
57.57
1.52
手续费
季度环比
年累计
QoQ(%)
手续费
9,087
           
11,586
         
9,087
         
8,793
         
5,759
         
4,795
         
11,586
       
141.63
手续费占比
10.67
13.14
2.47
10.67
9.96
6.90
6.15
13.14
其他非息占比
8.65
8.14
(0.51)
8.65
12.57
11.25
6.51
8.14
投资收益
6,040
5,314
公允价值
611
2,119
资产质量和拨备
季度环比
不良贷款率
0.82
0.82
0.00
0.82
0.83
0.83
0.84
0.82
(0.02)
不良余额
55,790
62,620
12.24
55,790
57,888
58,899
60,736
62,620
3.10
不良生成率（年累计）
N.A.
N.A.
N.A.
0.32
N.A.
0.39
N.A.
N.A.
单季度测算不良净生成率
0.25
0.64
0.25
0.54
0.36
(0.2) 测算仅供参考
测算仅供参考
关注类占比
0.48
0.55
0.48
0.51
0.55
0.56
0.55
逾期占比
0.93
0.95
0.93
0.91
0.94
0.95
0.95
90天以内逾期贷款增速
0.00%
0.00%
16.00
18.92
相比上一个报告期增速（半年）
逾期/不良
113.00
115.54
113.00
109.42
113.25
112.21
115.54
90天以上逾期/不良
0.00%
0.00%
0.00
0.73
0.00
0.71
0.00
年累计核销-公告
N.A.
N.A.
0
5,239
0
16,779
0
信用成本-年累计
0.72
N.A.
0.72
0.78
0.65
0.55
N.A.
资产减值损失/总资产
0.36
0.46
0.13
0.11
0.24
拨备覆盖率
413.58
381.12
(32.46)
413.58
409.26
404.47
385.51
381.12
(4.39)
拨备/贷款总额
3.39
3.13
(0.27)
3.39
3.40
3.36
3.26
3.13
(0.13)
拨备余额
230,736
       
238,657
       
230,736
     
236,910
     
238,229
     
234,145
     
238,657
     
成本和税收
季度环比
年累计
成本收入比(年累计)
51.79
55.91
4.13
成本收入比（单季度）
51.79
54.58
58.28
83.00
55.91
费用增速
(23.88)
有效税率(年累计)
13.08
10.79
有效税率（单季度）
13.08
7.35
10.44
(29.98)
10.79
资本和盈利能力
季度环比
年累计同比
QoQ(bp)
核心一级资本充足率
9.92
9.72
(0.20)
9.92
9.33
9.55
9.36
9.72
0.36
一级资本充足率
12.39
11.54
(0.85)
12.39
12.02
11.53
11.29
11.54
0.25
资本充足率
14.78
14.01
(0.77)
14.78
14.60
14.10
13.82
14.01
0.19
融资进度
ROAA-公布
0.78
0.73
(0.05)
0.78
0.73
0.76
0.64
0.73
0.09
ROAE-公布
14.82
14.37
(0.45)
14.82
13.35
13.90
11.89
14.37
2.48
RORWA-计算
1.60
1.48
(0.12)
1.60
1.45
1.49
1.25
1.48
0.23
0.36
2023 年4 月28 日 
邮储银行 
3 
 
 
  
主要比率（%） 
 财务报表(人民币 百万元) 
每股指标 (RMB) 
2021E 
2022E 
2023E 
2024E 
2025E 
 利润表 
2021E 
2022E 
2023E 
2024E 
2025E 
PE 
7.00 
6.33 
6.29 
5.74 
5.20 
 利息收入 
451,567 
474,240 
516,525 
574,344 
638,944 
PB 
0.79 
0.74 
0.66 
0.59 
0.52 
 利息支出 
(182,185) 
(200,647) 
(216,280) 
(240,538) 
(267,561) 
 
 
 
 
 
 
 净利息收入 
269,382 
273,593 
300,245 
333,806 
371,383 
EPS 
0.78 
0.86 
0.87 
0.95 
1.05 
 手续费净收入 
22,007 
28,434 
34,689 
39,893 
45,877 
BVPS 
6.89 
7.41 
8.28 
9.30 
10.41 
 营业收入 
318,762 
334,956 
366,217 
409,674 
458,631 
 
 
 
 
 
 业务及管理费 
(188,102) 
(205,705) 
(223,392) 
(249,901) 
(279,765) 
每股拨备前利润 
1.39 
1.37 
1.41 
1.58 
1.77 
 拨备前利润 
128,112 
126,711 
140,076 
156,710 
175,453 
驱动性因素(%) 
 
 
 
 
 
 拨备 
(46,658) 
(35,347) 
(36,514) 
(43,908) 
(51,549) 
生息资产增长 
11.19 
11.91 
11.06 
11.30 
11.31 
 税前利润 
81,454 
91,364 
103,562 
112,802 
123,904 
贷款增长 
12.91 
11.72 
11.00 
11.00 
11.00 
 税后利润 
76,532 
85,355 
92,170 
100,394 
110,274 
存款增长 
9.62 
11.98 
11.00 
11.00 
11.00 
 归母净利润 
76,170 
85,224 
92,024 
100,231 
110,093 
贷款收益率 
4.72 
4.53 
4.35 
4.35 
4.35 
 资产负债表 
 
 
 
 
 
生息资产收益率 
3.77 
3.55 
3.47 
3.47 
3.47 
 贷款总额 
6,454,099 
7,210,433 
8,003,581 
8,883,974 
9,861,212 
存款付息率 
1.61 
1.60 
1.54 
1.54 
1.54 
 贷款减值准备 
(220,543) 
(234,145) 
(252,562) 
(275,648) 
(303,802) 
计息负债付息率 
1.64 
1.62 
1.56 
1.56 
1.56 
 贷款净额 
6,237,199 
6,977,710 
7,751,018 
8,608,326 
9,557,410 
净息差 
2.25 
2.05 
2.02 
2.01 
2.01 
 债券投资 
4,336,732 
4,949,553 
5,543,499 
6,208,719 
6,953,766 
风险成本 
0.77 
0.52 
0.48 
0.52 
0.55 
 存放央行 
1,189,458 
1,263,951 
1,368,969 
1,519,555 
1,686,706 
净手续费增速 
6.32 
1.56 
9.74 
11.18 
11.26 
 同业资产 
636,104 
694,602 
764,062 
840,468 
924,515 
成本收入比 
59.01 
61.41 
61.00 
61.00 
61.00 
 其他资产 
188,380 
181,466 
455,064 
482,452 
515,485 
所得税税率 
6.04 
6.58 
11.00 
11.00 
11.00 
 生息资产 
12,616,393 14,118,539 15,680,111 17,452,717 19,426,199 
盈利及杜邦分析(%) 
 
 
 
 
 
 资产总额 
12,587,873 14,067,282 15,882,612 17,659,521 19,637,881 
ROAA 
0.64 
0.64 
0.62 
0.60 
0.59 
 
 
 
 
 
 
ROAE 
12.91 
12.91 
12.22 
11.50 
11.27 
 存款 
11,354,073 12,714,485 14,113,078 15,665,517 17,388,724 
净利息收入 
2.25 
2.05 
2.00 
1.99 
1.99 
 同业负债 
249,333 
329,930 
395,916 
475,099 
570,119 
非净利息收入 
0.41 
0.46 
0.44 
0.45 
0.47 
 发行债券 
81,426 
101,910 
112,101 
123,311 
135,642 
营业收入 
2.66 
2.51 
2.45 
2.44 
2.46 
 计息负债 
11,684,832 13,146,325 14,621,095 16,263,927 18,094,485 
营业支出 
1.59 
1.56 
1.51 
1.51 
1.52 
 负债总额 
11,792,324 13,241,468 14,919,485 16,595,844 18,463,760 
拨备前利润 
1.07 
0.95 
0.94 
0.93 
0.94 
 
 
 
 
 
 
拨备 
0.39 
0.27 
0.24 
0.26 
0.28 
 股本 
92,384 
92,384 
99,161 
99,161 
99,161 
税前利润 
0.68 
0.69 
0.69 
0.67 
0.66 
 资本公积 
125,486 
124,479 
162,702 
162,702 
162,702 
税收 
0.04 
0.05 
0.08 
0.07 
0.07 
 盈余公积 
50,105 
58,478 
67,695 
77,734 
199,036 
业绩年增长率(%) 
 
 
 
 
 
 一般风险准备 
157,367 
178,784 
205,602 
236,442 
271,908 
净利息收入 
6.32 
1.56 
9.74 
11.18 
11.26 
 未分配利润 
198,840 
225,196 
281,332 
340,846 
294,353 
营业收入 
11.38 
5.08 
9.33 
11.87 
11.95 
 股东权益 
795,549 
825,814 
963,127 
1,063,677 
1,174,121 
拨备前利润 
8.06 
(1.09) 
10.55 
11.88 
11.96 
 
 
 
 
 
 
归属母公司利润 
18.65 
11.89 
7.98 
8.92 
9.84 
 资本状况(%) 
 
 
 
 
 
资产质量(%) 
 
 
 
 
 
 资本充足率 
14.78 
13.82 
15.03 
15.28 
15.28 
不良率 
0.75 
0.80 
0.83 
0.84 
0.84 
 核心一级资本 
9.92 
9.36 
9.48 
9.00 
8.55 
拨备覆盖率 
455.71 
404.48 
379.91 
369.76 
364.81 
 杠杆率 
15.82 
17.03 
16.49 
16.60 
16.73 
拨贷比 
3.42 
3.25 
3.16 
3.10 
3.08 
 RORWA 
1.27 
1.25 
1.18 
1.12 
1.07 
不良净生成率（测算） 
0.29 
0.39 
0.36 
0.35 
0.35 
 风险加权系数 
50.85 
51.65 
52.61 
54.42 
56.27 
资料来源：公司公告，中银证券预测 
 资料来源：公司公告，中银证券预测 
 
2023 年4 月28 日 
邮储银行 
4 
 
 
披露声明 
本报告准确表述了证券分析师的个人观点。该证券分析师声明，本人未在公司内、外部机构兼任有损本人独立性与客
观性的其他职务，没有担任本报告评论的上市公司的董事、监事或高级管理人员；也不拥有与该上市公司有关的任何
财务权益；本报告评论的上市公司或其它第三方都没有或没有承诺向本人提供与本报告有关的任何补偿或其它利益。 
中银国际证券股份有限公司同时声明，将通过公司网站披露本公司授权公众媒体及其他机构刊载或者转发证券研究报
告有关情况。如有投资者于未经授权的公众媒体看到或从其他机构获得本研究报告的，请慎重使用所获得的研究报告，
以防止被误导，中银国际证券股份有限公司不对其报告理解和使用承担任何责任。 
评级体系说明 
以报告发布日后公司股价/行业指数涨跌幅相对同期相关市场指数的涨跌幅的表现为基准： 
公司投资评级： 
买    入：预计该公司股价在未来6-12 个月内超越基准指数20%以上； 
增    持：预计该公司股价在未来6-12 个月内超越基准指数10%-20%； 
中    性：预计该公司股价在未来6-12 个月内相对基准指数变动幅度在-10%-10%之间； 
减    持：预计该公司股价在未来6-12 个月内相对基准指数跌幅在10%以上； 
未有评级：因无法获取必要的资料或者其他原因，未能给出明确的投资评级。 
 
行业投资评级： 
强于大市：预计该行业指数在未来6-12 个月内表现强于基准指数； 
中    性：预计该行业指数在未来6-12 个月内表现基本与基准指数持平； 
弱于大市：预计该行业指数在未来6-12 个月内表现弱于基准指数； 
未有评级：因无法获取必要的资料或者其他原因，未能给出明确的投资评级。 
 
沪深市场基准指数为沪深300 指数；新三板市场基准指数为三板成指或三板做市指数；香港市场基准指数为恒生指数
或恒生中国企业指数；美股市场基准指数为纳斯达克综合指数或标普500 指数。 
 
 
 
 
风险提示及免责声明 
本报告由中银国际证券股份有限公司证券分析师撰写并向特定客户发布。 
本报告发布的特定客户包括：1) 基金、保险、QFII、QDII 等能够充分理解证券研究报告，
具备专业信息处理能力的中银国际证券股份有限公司的机构客户；2) 中银国际证券股份有
限公司的证券投资顾问服务团队，其可参考使用本报告。中银国际证券股份有限公司的证券
投资顾问服务团队可能以本报告为基础，整合形成证券投资顾问服务建议或产品，提供给接
受其证券投资顾问服务的客户。 
中银国际证券股份有限公司不以任何方式或渠道向除上述特定客户外的公司个人客户提供
本报告。中银国际证券股份有限公司的个人客户从任何外部渠道获得本报告的，亦不应直接
依据所获得的研究报告作出投资决策；需充分咨询证券投资顾问意见，独立作出投资决策。
中银国际证券股份有限公司不承担由此产生的任何责任及损失等。 
本报告内含保密信息，仅供收件人使用。阁下作为收件人，不得出于任何目的直接或间接复
制、派发或转发此报告全部或部分内容予任何其他人，或将此报告全部或部分内容发表。如
发现本研究报告被私自刊载或转发的，中银国际证券股份有限公司将及时采取维权措施，追
究有关媒体或者机构的责任。所有本报告内使用的商标、服务标记及标记均为中银国际证券
股份有限公司或其附属及关联公司（统称“中银国际集团”）的商标、服务标记、注册商标或
注册服务标记。 
本报告及其所载的任何信息、材料或内容只提供给阁下作参考之用，并未考虑到任何特别的
投资目的、财务状况或特殊需要，不能成为或被视为出售或购买或认购证券或其它金融票据
的要约或邀请，亦不构成任何合约或承诺的基础。中银国际证券股份有限公司不能确保本报
告中提及的投资产品适合任何特定投资者。本报告的内容不构成对任何人的投资建议，阁下
不会因为收到本报告而成为中银国际集团的客户。阁下收到或阅读本报告须在承诺购买任何
报告中所指之投资产品之前，就该投资产品的适合性，包括阁下的特殊投资目的、财务状况
及其特别需要寻求阁下相关投资顾问的意见。 
尽管本报告所载资料的来源及观点都是中银国际证券股份有限公司及其证券分析师从相信
可靠的来源取得或达到，但撰写本报告的证券分析师或中银国际集团的任何成员及其董事、
高管、员工或其他任何个人（包括其关联方）都不能保证它们的准确性或完整性。除非法律
或规则规定必须承担的责任外，中银国际集团任何成员不对使用本报告的材料而引致的损失
负任何责任。本报告对其中所包含的或讨论的信息或意见的准确性、完整性或公平性不作任
何明示或暗示的声明或保证。阁下不应单纯依靠本报告而取代个人的独立判断。本报告仅反
映证券分析师在撰写本报告时的设想、见解及分析方法。中银国际集团成员可发布其它与本
报告所载资料不一致及有不同结论的报告，亦有可能采取与本报告观点不同的投资策略。为
免生疑问，本报告所载的观点并不代表中银国际集团成员的立场。 
本报告可能附载其它网站的地址或超级链接。对于本报告可能涉及到中银国际集团本身网站
以外的资料，中银国际集团未有参阅有关网站，也不对它们的内容负责。提供这些地址或超
级链接（包括连接到中银国际集团网站的地址及超级链接）的目的，纯粹为了阁下的方便及
参考，连结网站的内容不构成本报告的任何部份。阁下须承担浏览这些网站的风险。 
本报告所载的资料、意见及推测仅基于现状，不构成任何保证，可随时更改，毋须提前通知。
本报告不构成投资、法律、会计或税务建议或保证任何投资或策略适用于阁下个别情况。本
报告不能作为阁下私人投资的建议。 
过往的表现不能被视作将来表现的指示或保证，也不能代表或对将来表现做出任何明示或暗
示的保障。本报告所载的资料、意见及预测只是反映证券分析师在本报告所载日期的判断，
可随时更改。本报告中涉及证券或金融工具的价格、价值及收入可能出现上升或下跌。 
部分投资可能不会轻易变现，可能在出售或变现投资时存在难度。同样，阁下获得有关投资
的价值或风险的可靠信息也存在困难。本报告中包含或涉及的投资及服务可能未必适合阁下。
如上所述，阁下须在做出任何投资决策之前，包括买卖本报告涉及的任何证券，寻求阁下相
关投资顾问的意见。 
中银国际证券股份有限公司及其附属及关联公司版权所有。保留一切权利。 
中银国际证券股份有限公司 
中国上海浦东 
银城中路200 号 
中银大厦39 楼 
邮编200121 
电话: (8621) 6860 4866 
传真: (8621) 5888 3554 
 
 
 
相关关联机构： 
 
中银国际研究有限公司 
香港花园道一号 
中银大厦二十楼 
电话:(852) 3988 6333 
致电香港免费电话: 
中国网通10 省市客户请拨打：10800 8521065 
中国电信21 省市客户请拨打：10800 1521065 
新加坡客户请拨打：800 852 3392 
传真:(852) 2147 9513 
 
中银国际证券有限公司 
香港花园道一号 
中银大厦二十楼 
电话:(852) 3988 6333 
传真:(852) 2147 9513 
 
中银国际控股有限公司北京代表处 
中国北京市西城区 
西单北大街110 号8 层 
邮编:100032 
电话: (8610) 8326 2000 
传真: (8610) 8326 2291 
 
中银国际(英国)有限公司 
2/F, 1 Lothbury 
London EC2R 7DB 
United Kingdom 
电话: (4420) 3651 8888 
传真: (4420) 3651 8877 
 
中银国际(美国)有限公司 
美国纽约市美国大道1045 号 
7 Bryant Park 15 楼 
NY 10018 
电话: (1) 212 259 0888 
传真: (1) 212 259 0889 
 
中银国际(新加坡)有限公司 
注册编号 199303046Z 
新加坡百得利路四号 
中国银行大厦四楼(049908) 
电话: (65) 6692 6829 / 6534 5587 
传真: (65) 6534 3996 / 6532 3371 
