 
- 1 - 
敬请参阅最后一页特别声明 
 
 
 
 
 
市场价格（人民币）： 395.45 元 
目标价格（人民币）：450.00-450.00 元 
长期竞争力评级：高于行业均值 
市场数据(人民币) 
已上市流通A 股(百万股) 
1,256.20 
总市值(百万元) 
496,763.42 
年内股价最高最低(元) 
398.39/238.44 
沪深300 指数 
3486.50 
上证指数 
3246.07 
 
 
相关报告 
1.《16 年收入超预期，17 年收入增速仍有
望上看20%一线-贵州茅...》，2016.12.25 
2.《复兴确定，不负众望-贵州茅台公司研
究》，2016.9.5 
 
 
于杰 
分析师 SAC 执业编号：S1130516070001 
yujie@gjzq.com.cn 
岳思铭 
分析师 SAC 执业编号：S1130516080006 
yuesiming@gjzq.com.cn 
申晟 
联系人 
(8621)60230204 
shensheng@gjzq.com.cn 
 
价在量在，批价稳进有利拉长复苏周期 
 
公司基本情况(人民币) 
项目 
2015 
2016 
2017E 
2018E 
2019E 
摊薄每股收益(元) 
11.715 
13.309 
15.510 
18.106 
20.807 
每股净资产(元) 
50.89 
58.03 
66.19 
74.33 
83.70 
每股经营性现金流(元) 
13.87 
29.80 
13.20 
20.86 
18.78 
市盈率(倍) 
18.63 
25.11 
25.50 
21.84
19.01 
行业优化市盈率(倍) 
17.07 
17.07 
17.07 
17.07 
17.07 
净利润增长率(%) 
0.06% 
13.61% 
16.54% 
16.74% 
14.92% 
净资产收益率(%) 
23.02% 
22.94% 
23.43% 
24.36% 
24.86% 
总股本(百万股) 
1,256.20 
1,256.20 
1,256.20 
1,256.20 
1,256.20 
来源：公司年报、国金证券研究所 
 
业绩简述 
 
贵州茅台公布2016 年报，报告期内实现酒类业务收入388.62 亿元，同比
+18.99%；实现归母净利润167.18 亿元，同比+7.84%，折合EPS13.31
元。预收账款175.41 亿元，再创历史新高。拟每10 股派发现金红利67.87
元（含税），占16 年归母净利润的51%。 
 
前期茅台已公布一季报指引，预计17 年第一季度实现营业收入128.52 亿
元，同比+25.38%；实现归母净利润56.68 亿元，同比+15.92%。 
 
2016 年公司共生产茅台酒及系列酒基酒59,887.97 吨，其中：茅台基酒
39,312.53 吨，同比+22.17%；系列酒基酒20,575.44 吨，同比+10.78%，
同前期公告情况基本一致。 
经营分析 
 
2016 年为茅台引领白酒行业复苏的转折之年：2013-2015 年为白酒行业深
度调整的三年，今年白酒行业的复苏主要来自于位于金字塔塔尖的茅台需求
转好、批价上扬所带动的。年初茅台采取控量+开发新品等有效方式，实现
渠道利润的快速恢复，全年茅台酒实现收入367.14 亿元，同比+16.39%；
同时，茅台酒业务的快速回暖带动了系列酒的大幅增长，16 年系列酒实现
收入21.27 亿元，同比+91.86%。 
 
预收款再创历史新高，渠道信心已完全恢复：截至16 年底，公司预收款升
至175.41 亿元的历史新高位，环比Q3 小幅增长1.49 亿元（+0.85%），同
比15 年年底大幅增长92.79 亿元（+112%）。预收款的再创新高显示渠道信
心已完全恢复、经销商打款积极性被完全激活。自16 年Q1 末Q2 初茅台批
价开启上升周期，近一年批价上涨幅度超过450 元，一批商结束三年亏损期
转入快速进入暴利期。16Q4-17Q1 经销商打款热情被充分激发，渠道调研
显示打款情况应好于报表反映。 
 
系列酒占比提升小幅拉低毛利率，消费税大幅增长拖累净利率。茅台酒业务
的快速恢复带动系列酒超90%增长、显著高于茅台酒的+16%，贡献整体收
入占比由15 年3.4%提升至16 年5.5%，拉低整体酒类毛利率约0.93pct 至
91.31%。但16 年期间费用率控制得当，同比15 年下降1.01pct，主要得益
于管理费用率降低。但消费税大幅增长105%至50.95 亿元，同比增长超过
26 亿元，消费税率由2015 年7.61%提升约5.5pct 至2016 年的13.11%，
是拖累销售净利率同比15 年降低约4.2pct 至46.14%的最核心因素。 
0
500
1,000
1,500
2,000
2,500
3,000
230.91
257.82
284.73
311.64
338.55
365.46
392.37
160418
160718
161018
170118
人民币(元) 
成交金额(百万元) 
成交金额 
贵州茅台 
国金行业 
沪深300 
 
2017 年04 月17 日 
贵州茅台 (600519.SH)      白酒行业 
评级：买入      维持评级   
公司点评 
证券研究报告 
用使司公限有理管金基银瑞投国供仅告报此
此报告仅供国投瑞银基金管理有限公司使用
公司点评 
- 2 - 
敬请参阅最后一页特别声明 
 
 
批价淡季不淡，厂商压制意在可持续发展。春节前飞天批价高点站上1250
元，相比16 年3 月的825-830 元上涨超过400 元。节后经历过短暂下跌
后，茅台于3 月河南经销商座谈会上强调“紧平衡”，之后茅台批价快速反
弹，目前淡季价格反超旺季。茅台近期通过喊话、处罚等强力行政举措平抑
批价，这一举措我们理解为——在市场对前期厂商表态选择性忽视或阳奉阴
违的大背景下，厂商再次强调真实意图、打消市场幻想。综合前期表态，其
压制短期批价过快上涨、维护批价稳定维持上行态势的可持续发展意图极其
明显。近期发货节奏降低、依托行政手段压制批价之举看似矛盾，我们认为
公司在为旺季未雨绸缪，预计H2 发货节奏将环比H1 显著加快，但综合考
虑目前需求端仍然旺盛，我们仍未维持茅台批价大周期向上判断不变。 
 
价在量在，批价稳进有利拉长复苏周期。茅台酒投资属性所决定的吉芬属性
决定起量与价是共振关系——价在量在、价落量落。以目前态势来看，飞天
批价的短期快速泡沫化进程被厂商压制，在茅台酒供需“紧平衡”的大背景
下，厂商强力的行政手段干预的大概率结果是拉长飞天批价上行周期、拉低
价格涨幅斜率。总结来说，批价稳定有利于拉长茅台复苏周期、降低政治、
舆论风险，从经营角度以及政治角度茅台皆意于此。 
盈利调整 
 
维持买入评级，高端复苏最确定品种。在不考虑提价的基础上，预计17-19
年公司营业收入分别为490 亿元、578 亿元、665 亿元，EPS 分别为15.5
元、18.1 元、20.8 元，目前股价对应17 年PE 为25X，维持“买入”评
价，给予一年目标价450 元，对应18 年PE25X。 
风险提示 
 
批价大幅泡沫化/需求下滑 
 
 
 
 
公司点评 
- 3 - 
敬请参阅最后一页特别声明 
 
图表1：财务预测 
来源：Wind, 公司年报，国金证券研究所 
 
 
 
 
 
 
损益表（人民币百万元）
资产负债表（人民币百万元）
2 0 1 4
2 0 1 5
2 0 1 6
2 0 1 7 E
2 0 1 8 E
2 0 1 9 E
2 0 1 4
2 0 1 5
2 0 1 6
2 0 1 7 E
2 0 1 8 E
2 0 1 9 E
主营业务收入
3 1 ,5 7 4
3 2 ,6 6 0
4 0 ,1 5 5
4 9 ,0 4 9
5 7 ,8 0 7
6 6 ,5 2 4
货币资金
2 7 ,7 1 1
3 6 ,8 0 1
6 6 ,8 5 5
7 2 ,4 4 7
8 4 ,3 5 9
9 1 ,7 5 2
    增长率
3 .4 %
2 3 .0 %
2 2 .1 %
1 7 .9 %
1 5 .1 %
应收款项
1 ,9 3 3
8 ,6 2 7
8 9 5
1 ,1 2 4
1 ,3 2 5
1 ,5 2 5
主营业务成本
-2 ,3 9 8
-2 ,6 1 2
-3 ,5 3 3
-4 ,7 0 9
-5 ,8 3 8
-6 ,9 1 8
存货
1 4 ,9 8 2
1 8 ,0 1 3
2 0 ,6 2 2
2 1 ,9 3 1
2 7 ,1 9 3
3 2 ,2 2 3
    % 销售收入
7 .6 %
8 .0 %
8 .8 %
9 .6 %
1 0 .1 %
1 0 .4 %
其他流动资产
2 ,9 4 5
1 ,5 6 3
1 ,8 0 8
2 ,1 2 9
2 ,4 5 7
2 ,7 7 0
毛利
2 9 ,1 7 6
3 0 ,0 4 7
3 6 ,6 2 2
4 4 ,3 4 0
5 1 ,9 6 8
5 9 ,6 0 5
流动资产
4 7 ,5 7 1
6 5 ,0 0 5
9 0 ,1 8 1
9 7 ,6 3 1
1 1 5 ,3 3 4
1 2 8 ,2 6 9
    % 销售收入
9 2 .4 %
9 2 .0 %
9 1 .2 %
9 0 .4 %
8 9 .9 %
8 9 .6 %
    % 总资产
7 2 .2 %
7 5 .3 %
7 9 .9 %
8 0 .7 %
8 2 .9 %
8 4 .2 %
营业税金及附加
-2 ,7 8 9
-3 ,4 4 9
-6 ,5 0 9
-8 ,2 0 1
-9 ,7 6 9
-1 1 ,3 0 9
长期投资
6 4
2 9
2 9
3 4
3 4
3 4
    % 销售收入
8 .8 %
1 0 .6 %
1 6 .2 %
1 6 .7 %
1 6 .9 %
1 7 .0 %
固定资产
1 3 ,8 2 9
1 6 ,3 3 2
1 7 ,2 6 0
1 7 ,8 7 1
1 8 ,3 8 6
1 8 ,8 0 2
营业费用
-1 ,6 7 5
-1 ,4 8 5
-1 ,6 8 1
-2 ,1 0 9
-2 ,4 5 7
-2 ,7 9 4
    % 总资产
2 1 .0 %
1 8 .9 %
1 5 .3 %
1 4 .8 %
1 3 .2 %
1 2 .3 %
    % 销售收入
5 .3 %
4 .5 %
4 .2 %
4 .3 %
4 .3 %
4 .2 %
无形资产
3 ,5 8 8
3 ,7 8 1
3 ,7 2 0
3 ,6 5 3
3 ,5 9 5
3 ,5 4 2
管理费用
-3 ,3 7 8
-3 ,8 1 3
-4 ,1 8 7
-5 ,2 4 8
-6 ,1 2 8
-6 ,9 8 5
非流动资产
1 8 ,3 0 2
2 1 ,2 9 7
2 2 ,7 5 4
2 3 ,3 0 4
2 3 ,7 6 0
2 4 ,1 2 4
    % 销售收入
1 0 .7 %
1 1 .7 %
1 0 .4 %
1 0 .7 %
1 0 .6 %
1 0 .5 %
    % 总资产
2 7 .8 %
2 4 .7 %
2 0 .1 %
1 9 .3 %
1 7 .1 %
1 5 .8 %
息税前利润（E B IT ）
2 1 ,3 3 4
2 1 ,3 0 0
2 4 ,2 4 5
2 8 ,7 8 2
3 3 ,6 1 5
3 8 ,5 1 7
资产总计
6 5 ,8 7 3
8 6 ,3 0 1
1 1 2 ,9 3 5
1 2 0 ,9 3 6
1 3 9 ,0 9 3
1 5 2 ,3 9 4
    % 销售收入
6 7 .6 %
6 5 .2 %
6 0 .4 %
5 8 .7 %
5 8 .2 %
5 7 .9 %
短期借款
6 3
0
0
0
0
0
财务费用
1 2 3
6 7
3 3
3 5
3 9
4 4
应付款项
3 ,4 1 6
1 0 ,5 6 6
2 0 ,3 0 6
2 5 ,5 3 4
3 0 ,2 0 9
3 4 ,8 3 7
    % 销售收入
-0 .4 %
-0 .2 %
-0 .1 %
-0 .1 %
-0 .1 %
-0 .1 %
其他流动负债
7 ,0 6 6
9 ,4 8 6
1 6 ,7 1 4
7 ,6 7 5
9 ,0 7 9
3 ,9 6 0
资产减值损失
0
1
-1 2
0
0
0
流动负债
1 0 ,5 4 4
2 0 ,0 5 2
3 7 ,0 2 0
3 3 ,2 0 9
3 9 ,2 8 8
3 8 ,7 9 7
公允价值变动收益
0
0
0
0
0
0
长期贷款
0
0
0
0
0
1
投资收益
3
4
0
0
0
0
其他长期负债
1 8
1 6
1 6
0
0
0
    % 税前利润
0 .0 %
0 .0 %
0 .0 %
0 .0 %
0 .0 %
0 .0 %
负债
1 0 ,5 6 2
2 0 ,0 6 7
3 7 ,0 3 6
3 3 ,2 0 9
3 9 ,2 8 8
3 8 ,7 9 8
营业利润
2 1 ,4 6 0
2 1 ,3 7 2
2 4 ,2 6 6
2 8 ,8 1 7
3 3 ,6 5 4
3 8 ,5 6 1
普通股股东权益
5 3 ,4 3 0
6 3 ,9 2 6
7 2 ,8 9 4
8 3 ,1 4 3
9 3 ,3 7 8
1 0 5 ,1 4 0
  营业利润率
6 8 .0 %
6 5 .4 %
6 0 .4 %
5 8 .8 %
5 8 .2 %
5 8 .0 %
少数股东权益
1 ,8 8 1
2 ,3 0 8
3 ,0 0 4
4 ,5 8 4
6 ,4 2 8
8 ,4 5 6
营业外收支
-2 2 1
-1 5 7
-3 0 8
-1 6 0
-2 0 0
-2 4 0
负债股东权益合计
6 5 ,8 7 3
8 6 ,3 0 1
1 1 2 ,9 3 5
1 2 0 ,9 3 6
1 3 9 ,0 9 3
1 5 2 ,3 9 4
税前利润
2 1 ,2 3 9
2 1 ,2 1 5
2 3 ,9 5 8
2 8 ,6 5 7
3 3 ,4 5 4
3 8 ,3 2 1
    利润率
6 7 .3 %
6 5 .0 %
5 9 .7 %
5 8 .4 %
5 7 .9 %
5 7 .6 %
比率分析
所得税
-5 ,6 1 3
-5 ,5 4 7
-6 ,0 2 7
-7 ,5 9 4
-8 ,8 6 5
-1 0 ,1 5 5
2 0 1 4
2 0 1 5
2 0 1 6
2 0 1 7 E
2 0 1 8 E
2 0 1 9 E
  所得税率
2 6 .4 %
2 6 .1 %
2 5 .2 %
2 6 .5 %
2 6 .5 %
2 6 .5 %
每股指标
净利润
1 5 ,6 2 6
1 5 ,6 6 8
1 7 ,9 3 1
2 1 ,0 6 3
2 4 ,5 8 9
2 8 ,1 6 6
每股收益
1 2 .8 7 8
1 1 .7 1 5
1 3 .3 0 9
1 5 .5 1 0
1 8 .1 0 6
2 0 .8 0 7
少数股东损益
9 2 0
9 5 2
1 ,2 1 2
1 ,5 8 0
1 ,8 4 4
2 ,0 2 8
每股净资产
4 6 .7 8 7
5 0 .8 8 8
5 8 .0 2 8
6 6 .1 8 6
7 4 .3 3 3
8 3 .6 9 7
归属于母公司的净利1 4 ,7 0 7
1 4 ,7 1 6
1 6 ,7 1 8
1 9 ,4 8 3
2 2 ,7 4 4
2 6 ,1 3 8
每股经营现金净流
1 1 .0 5 8
1 3 .8 7 5
2 9 .8 0 4
1 3 .1 9 9
2 0 .8 5 8
1 8 .7 8 2
    净利率
4 6 .6 %
4 5 .1 %
4 1 .6 %
3 9 .7 %
3 9 .3 %
3 9 .3 %
每股股利
4 .3 7 4
4 .3 7 4
6 .1 7 1
7 .1 9 1
9 .9 5 8
1 1 .4 4 4
回报率
现金流量表（人民币百万元）
净资产收益率
2 7 .5 2 %
2 3 .0 2 %
2 2 .9 4 %
2 3 .4 3 %
2 4 .3 6 %
2 4 .8 6 %
2 0 1 4
2 0 1 5
2 0 1 6
2 0 1 7 E
2 0 1 8 E
2 0 1 9 E
总资产收益率
2 2 .3 3 %
1 7 .0 5 %
1 4 .8 0 %
1 6 .1 1 %
1 6 .3 5 %
1 7 .1 5 %
净利润
1 6 ,2 6 9
1 6 ,4 5 5
1 7 ,9 3 1
2 1 ,0 6 3
2 4 ,5 8 9
2 8 ,1 6 6
投入资本收益率
2 8 .3 5 %
2 3 .7 5 %
2 3 .9 1 %
2 4 .1 1 %
2 4 .7 5 %
2 4 .9 2 %
少数股东损益
9 2 0
9 5 2
1 ,2 1 2
1 ,5 8 0
1 ,8 4 4
2 ,0 2 8
增长率
非现金支出
7 5 3
8 4 1
9 3 6
1 ,0 2 7
1 ,1 2 4
1 ,2 2 1
主营业务收入增长率
2 .1 1 %
3 .4 4 %
2 2 .9 5 %
2 2 .1 5 %
1 7 .8 5 %
1 5 .0 8 %
非经营收益
8 6
-3 3 8
-5 8 8
1 6 0
2 0 0
2 4 0
E B IT 增长率
0 .5 9 %
-0 .1 6 %
1 3 .8 3 %
1 8 .7 1 %
1 6 .7 9 %
1 4 .5 8 %
营运资金变动
-4 ,4 8 0
4 7 1
1 9 ,1 6 2
-5 ,6 6 9
2 8 8
-6 ,0 3 4
净利润增长率
-1 .8 8 %
0 .0 6 %
1 3 .6 1 %
1 6 .5 4 %
1 6 .7 4 %
1 4 .9 2 %
经营活动现金净流
1 2 ,6 2 9
1 7 ,4 3 0
3 7 ,4 4 0
1 6 ,5 8 1
2 6 ,2 0 1
2 3 ,5 9 4
总资产增长率
1 8 .7 9 %
3 1 .0 1 %
3 0 .8 6 %
7 .0 8 %
1 5 .0 1 %
9 .5 6 %
资本开支
-4 ,4 2 1
-2 ,0 5 3
-1 ,0 1 9
-1 ,7 3 2
-1 ,7 8 0
-1 ,8 2 6
资产管理能力
投资
-1 0
3 5
0
-6
0
0
应收账款周转天数
0 .0
0 .0
0 .0
0 .0
0 .0
0 .0
其他
-1 4 9
-3 1
-8 3
0
0
0
存货周转天数
2 ,0 4 1 .3
2 ,3 0 5 .0
1 ,9 9 5 .7
1 ,7 0 0 .0
1 ,7 0 0 .0
1 ,7 0 0 .0
投资活动现金净流
-4 ,5 8 0
-2 ,0 4 9
-1 ,1 0 3
-1 ,7 3 8
-1 ,7 8 0
-1 ,8 2 6
应付账款周转天数
7 5 .5
1 1 1 .0
9 9 .3
1 0 0 .0
1 0 0 .0
1 0 0 .0
股权募资
3 5
0
1 6
0
0
0
固定资产周转天数
1 1 9 .9
1 2 7 .6
1 3 1 .4
1 1 1 .4
9 7 .1
8 6 .1
债权募资
6 7
-5 6
0
-1 6
0
1
偿债能力
其他
-5 ,1 4 9
-5 ,5 4 8
-8 ,3 5 0
-9 ,2 3 5
-1 2 ,5 0 9
-1 4 ,3 7 6
净负债/ 股东权益
-4 9 .9 9 %
-5 5 .5 6 %
-8 8 .0 8 %
-8 2 .5 8 %
-8 4 .5 2 %
-8 0 .7 7 %
筹资活动现金净流
-5 ,0 4 7
-5 ,6 0 4
-8 ,3 3 4
-9 ,2 5 0
-1 2 ,5 0 9
-1 4 ,3 7 5
E B IT 利息保障倍数
-1 7 3 .2
-3 1 6 .7
-7 3 0 .8
-8 2 6 .5
-8 5 7 .5
-8 7 4 .8
现金净流量
3 ,0 0 2
9 ,7 7 6
2 8 ,0 0 3
5 ,5 9 2
1 1 ,9 1 2
7 ,3 9 3
资产负债率
1 6 .0 3 %
2 3 .2 5 %
3 2 .7 9 %
2 7 .4 6 %
2 8 .2 5 %
2 5 .4 6 %
公司点评 
- 4 - 
敬请参阅最后一页特别声明 
 
 
市场中相关报告评级比率分析 
日期 
一周内 
一月内 
二月内 
三月内 
六月内 
买入 
0 
0 
12 
17 
66 
增持 
0 
0 
2 
2 
6 
中性 
0 
0 
0 
0 
0 
减持 
0 
0 
0 
0 
0 
评分 
0.00 
0.00 
1.14 
1.11 
1.08 
来源：朝阳永续 
市场中相关报告评级比率分析说明： 
市场中相关报告投资建议为“买入”得1 分，为
“增持”得2 分，为“中性”得3 分，为“减持”得4
分，之后平均计算得出最终评分，作为市场平均投资建
议的参考。 
最终评分与平均投资建议对照： 
1.00  =买入； 1.01~2.0=增持 ； 2.01~3.0=中性 
3.01~4.0=减持 
 
历史推荐和目标定价(人民币) 
序号 
日期 
评级 
市价 
目标价 
1 
2016-09-05 
买入 
305.78 330.00～335.00 
2 
2016-12-25 
买入 
320.03 380.00～380.00 
 
 
 
 
 
 
 
 
 
 
 
 
 
 
 
 
 
 
 
 
 
 
 
 
 
 
 
 
 
 
来源：国金证券研究所 
 
 
 
 
长期竞争力评级的说明： 
长期竞争力评级着重于企业基本面，评判未来两年后公司综合竞争力与所属行业上市公司均值比较结果。 
 
 
优化市盈率计算的说明： 
行业优化市盈率中，在扣除行业内所有亏损股票后，过往年度计算方法为当年年末收盘总市值与当年股 
票净利润总和相除，预期年度为报告提供日前一交易日收盘总市值与前一年度股票净利润总和相除。 
 
 
投资评级的说明： 
买入：预期未来6－12 个月内上涨幅度在15%以上； 
增持：预期未来6－12 个月内上涨幅度在5%－15%； 
中性：预期未来6－12 个月内变动幅度在 -5%－5%； 
减持：预期未来6－12 个月内下跌幅度在5%以上。 
 
0
500
1,000
1,500
2,000
169.64
206.55
243.46
280.37
317.28
354.19
391.10
150416
150716
151016
160116
160416
160716
161016
170116
成交量 
人民币(元) 
历史推荐与股价 
公司点评 
- 5 - 
敬请参阅最后一页特别声明 
 
 
  
上海 
北京 
深圳 
电话：021-60753903 
传真：021-61038200 
邮箱：researchsh@gjzq.com.cn 
邮编：201204 
地址：上海浦东新区芳甸路1088 号 
           紫竹国际大厦7 楼 
电话：010-66216979 
传真：010-66216793 
邮箱：researchbj@gjzq.com.cn 
邮编：100053 
地址：中国北京西城区长椿街3 号4 层 
电话：0755-83831378 
传真：0755-83830558 
邮箱：researchsz@gjzq.com.cn 
邮编：518000 
地址：中国深圳福田区深南大道4001 号 
           时代金融中心7BD 
 
 
特别声明：  
国金证券股份有限公司经中国证券监督管理委员会批准，已具备证券投资咨询业务资格。 
本报告版权归“国金证券股份有限公司”（以下简称“国金证券”）所有，未经事先书面授权，本报告的任何部分均
不得以任何方式制作任何形式的拷贝，或再次分发给任何其他人，或以任何侵犯本公司版权的其他方式使用。经过
书面授权的引用、刊发，需注明出处为“国金证券股份有限公司”，且不得对本报告进行任何有悖原意的删节和修
改。 
本报告的产生基于国金证券及其研究人员认为可信的公开资料或实地调研资料，但国金证券及其研究人员对这
些信息的准确性和完整性不作任何保证，对由于该等问题产生的一切责任，国金证券不作出任何担保。且本报告中
的资料、意见、预测均反映报告初次公开发布时的判断，在不作事先通知的情况下，可能会随时调整。 
客户应当考虑到国金证券存在可能影响本报告客观性的利益冲突，而不应视本报告为作出投资决策的唯一因
素。本报告亦非作为或被视为出售或购买证券或其他投资标的邀请。 
证券研究报告是用于服务机构投资者和投资顾问的专业产品，使用时必须经专业人士进行解读。国金证券建议
客户应考虑本报告的任何意见或建议是否符合其特定状况，以及（若有必要）咨询独立投资顾问。报告本身、报告
中的信息或所表达意见也不构成投资、法律、会计或税务的最终操作建议，国金证券不就报告中的内容对最终操作
建议做出任何担保。 
在法律允许的情况下，国金证券的关联机构可能会持有报告中涉及的公司所发行的证券并进行交易，并可能为
这些公司正在提供或争取提供多种金融服务。 
本报告反映编写分析员的不同设想、见解及分析方法，故本报告所载观点可能与其他类似研究报告的观点及市
场实际情况不一致，且收件人亦不会因为收到本报告而成为国金证券的客户。 
         本报告仅供国金证券股份有限公司的机构客户使用；非国金证券客户擅自使用国金证券研究报告进行投资，遭
受任何损失，国金证券不承担相关法律责任。 
 
