 
- 1 - 
敬请参阅最后一页特别声明 
 
 
 
 
 
市场价格（人民币）： 398.55 元 
长期竞争力评级：高于行业均值 
市场数据(人民币) 
已上市流通A 股(百万股) 
1,256.20 
总市值(百万元) 
500,657.63 
年内股价最高最低(元) 
415.31/243.86 
沪深300 指数 
3431.26 
上证指数 
3129.53 
 
 
相关报告 
1.《价在量在，批价稳进有利拉长复苏周期-
贵州茅台公司点评》，2017.4.17 
2.《16 年收入超预期，17 年收入增速仍有
望上看20%一线-贵州茅...》，2016.12.25 
3.《复兴确定，不负众望-贵州茅台公司研
究》，2016.9.5 
 
 
于杰 
分析师 SAC 执业编号：S1130516070001 
yujie@gjzq.com.cn 
岳思铭 
分析师 SAC 执业编号：S1130516080006 
yuesiming@gjzq.com.cn 
申晟 
联系人 
(8621)60230204 
shensheng@gjzq.com.cn 
 
业绩再超预期，高端复苏最确定品种 
 
公司基本情况(人民币) 
项目 
2015 
2016 
2017E 
2018E 
2019E 
摊薄每股收益(元) 
11.715 
13.309 
15.510 
18.106 
20.807 
每股净资产(元) 
50.89 
58.03 
66.19 
74.33 
83.70 
每股经营性现金流(元) 
13.87 
29.80 
13.20 
20.86 
18.78 
市盈率(倍) 
18.63 
25.11 
25.50 
21.84
19.01 
行业优化市盈率(倍) 
17.07 
17.07 
17.07 
17.07 
17.07 
净利润增长率(%) 
0.06% 
13.61% 
16.54% 
16.74% 
14.92% 
净资产收益率(%) 
23.02% 
22.94% 
23.43% 
24.36% 
24.86% 
总股本(百万股) 
1,256.20 
1,256.20 
1,256.20 
1,256.20 
1,256.20 
来源：公司年报、国金证券研究所 
 
业绩简评 
 
报告期内公司实现营业收入133.09 亿元，同比+33.24%，超前期业绩预告
的+25.38%；实现归母净利润61.23 亿元，同比+25.24%，亦大幅高于前期
预告的+15.92%，折合EPS4.87 元。预收账款189.88 亿元，环比去年Q4
余额提升14.47 亿元，再创历史新高。 
经营分析 
 
收入增速超市场预期，同时预收款再创历史新高：茅台一季报33.24%的收
入增速显著高于前期业绩预告的25.38%的增速，大超市场预期。从一季度
收入情况来判断，公司今年一季度确认了对应约7500-7700 吨茅台酒的收
入，高于一季度实际发货量6000-6500 吨，预计是16 年四季度提前批部分
收入确认在今年一季度报表中。系列酒一季度内实现收入9.35 亿元，预计
同比增速实现翻倍。在收入同比大增同时，预收账款不降反升，增加14.47
亿元攀升至189.88 亿元的历史新高，经销商打款积极性热情空前高涨。 
 
系列酒占比提升小幅拉低毛利率，消费税率已趋向走低。一季度内系列酒保
持超高速增长，仅一个季度已实现16 年全年近半收入，增速显著高于茅台
酒业务增速，因此也小幅拉低公司整体毛利率1.18ppt 至91.16%。一季度
系列酒收入占比首次超过7%，相比去年的5.5%继续提升。但一季度期间费
用率增加明显，同比提升3.88ppt 至14.62%，主要来自于销售费用率大幅
提升4.47ppt 至6.13%。销售费用率的提升，我们认为主要是公司系列酒市
场投放大幅增加所致。 
 
营业税金及附加占收入比为14.83%，同比16 年全年的16.75%、环比去年
四季度的23.59%均下滑显著。但其总金额同比增幅仍达67.14%，远高于
收入增速。毛利率的下滑、消费税及费用率的提升共同拖累了今年一季度净
利率同比下滑了2.95pct 至46.0%。 
 
批价淡季不淡，厂商压制意在可持续发展。春节前飞天批价高点站上1250
元，相比16 年3 月的825-830 元上涨超过400 元。节后经历过短暂下跌后
（1030-1050 元，极限值破千），茅台于3 月河南经销商座谈会上强调“紧
平衡”后茅台批价快速反弹，峰值突破1300 元。因此茅台近期通过喊话、
处罚等强力行政举措平抑批价。综合前期表态，其压制短期批价过快上涨、
维护批价稳定维持上行态势的可持续发展意图极其明显。昨日媒体报道，公
司将自本月24 日开始，将市场投放量从之前的每日40 吨提高至70 多吨，
0
500
1,000
1,500
2,000
2,500
3,000
236.57
265.90
295.23
324.56
353.89
383.22
412.55
160425
160725
161025
170125
人民币(元) 
成交金额(百万元) 
成交金额 
贵州茅台 
国金行业 
沪深300 
 
2017 年04 月25 日 
贵州茅台 (600519.SH)      白酒行业 
评级：买入      维持评级   
公司点评 
证券研究报告 
用使司公限有理管金基银瑞投国供仅告报此
此报告仅供国投瑞银基金管理有限公司使用
公司点评 
- 2 - 
敬请参阅最后一页特别声明 
 
一个月后将增加至90 吨左右。以这一发货节奏推算，公司二季度发货量将
有望上看6000 吨，基本追平一季度旺季发货量。新增量以普通飞天为主，
主要投向自营公司及直面终端消费者的商超电商渠道，因此我们预计此举在
短期内将给市场批价再次降温。但综合考虑目前需求端仍然旺盛，我们仍维
持茅台批价大周期向上的方向判断不变 
投资建议 
 
维持买入评级，高端复苏最确定品种。在不考虑提价的基础上，预计17-19
年公司营业收入分别为490 亿元、578 亿元、665 亿元，EPS 分别为15.55
元、18.10 元、20.80 元，目前股价对应PE 为26X/22X/19X，维持“买
入”评价，给予一年目标价450 元，对应18 年PE25X。 
风险提示 
 
批价大幅泡沫化/需求下滑 
公司点评 
- 3 - 
敬请参阅最后一页特别声明 
 
图表1：财务预测 
来源：Wind, 公司年报，国金证券研究所 
损益表（人民币百万元）
资产负债表（人民币百万元）
2 0 1 4
2 0 1 5
2 0 1 6
2 0 1 7 E
2 0 1 8 E
2 0 1 9 E
2 0 1 4
2 0 1 5
2 0 1 6
2 0 1 7 E
2 0 1 8 E
2 0 1 9 E
主营业务收入
3 1 ,5 7 4
3 2 ,6 6 0
4 0 ,1 5 5
4 9 ,0 4 9
5 7 ,8 0 7
6 6 ,5 2 4
货币资金
2 7 ,7 1 1
3 6 ,8 0 1
6 6 ,8 5 5
7 2 ,4 4 7
8 4 ,3 5 9
9 1 ,7 5 2
    增长率
3 .4 %
2 3 .0 %
2 2 .1 %
1 7 .9 %
1 5 .1 %
应收款项
1 ,9 3 3
8 ,6 2 7
8 9 5
1 ,1 2 4
1 ,3 2 5
1 ,5 2 5
主营业务成本
-2 ,3 9 8
-2 ,6 1 2
-3 ,5 3 3
-4 ,7 0 9
-5 ,8 3 8
-6 ,9 1 8
存货
1 4 ,9 8 2
1 8 ,0 1 3
2 0 ,6 2 2
2 1 ,9 3 1
2 7 ,1 9 3
3 2 ,2 2 3
    % 销售收入
7 .6 %
8 .0 %
8 .8 %
9 .6 %
1 0 .1 %
1 0 .4 %
其他流动资产
2 ,9 4 5
1 ,5 6 3
1 ,8 0 8
2 ,1 2 9
2 ,4 5 7
2 ,7 7 0
毛利
2 9 ,1 7 6
3 0 ,0 4 7
3 6 ,6 2 2
4 4 ,3 4 0
5 1 ,9 6 8
5 9 ,6 0 5
流动资产
4 7 ,5 7 1
6 5 ,0 0 5
9 0 ,1 8 1
9 7 ,6 3 1
1 1 5 ,3 3 4
1 2 8 ,2 6 9
    % 销售收入
9 2 .4 %
9 2 .0 %
9 1 .2 %
9 0 .4 %
8 9 .9 %
8 9 .6 %
    % 总资产
7 2 .2 %
7 5 .3 %
7 9 .9 %
8 0 .7 %
8 2 .9 %
8 4 .2 %
营业税金及附加
-2 ,7 8 9
-3 ,4 4 9
-6 ,5 0 9
-8 ,2 0 1
-9 ,7 6 9
-1 1 ,3 0 9
长期投资
6 4
2 9
2 9
3 4
3 4
3 4
    % 销售收入
8 .8 %
1 0 .6 %
1 6 .2 %
1 6 .7 %
1 6 .9 %
1 7 .0 %
固定资产
1 3 ,8 2 9
1 6 ,3 3 2
1 7 ,2 6 0
1 7 ,8 7 1
1 8 ,3 8 6
1 8 ,8 0 2
营业费用
-1 ,6 7 5
-1 ,4 8 5
-1 ,6 8 1
-2 ,1 0 9
-2 ,4 5 7
-2 ,7 9 4
    % 总资产
2 1 .0 %
1 8 .9 %
1 5 .3 %
1 4 .8 %
1 3 .2 %
1 2 .3 %
    % 销售收入
5 .3 %
4 .5 %
4 .2 %
4 .3 %
4 .3 %
4 .2 %
无形资产
3 ,5 8 8
3 ,7 8 1
3 ,7 2 0
3 ,6 5 3
3 ,5 9 5
3 ,5 4 2
管理费用
-3 ,3 7 8
-3 ,8 1 3
-4 ,1 8 7
-5 ,2 4 8
-6 ,1 2 8
-6 ,9 8 5
非流动资产
1 8 ,3 0 2
2 1 ,2 9 7
2 2 ,7 5 4
2 3 ,3 0 4
2 3 ,7 6 0
2 4 ,1 2 4
    % 销售收入
1 0 .7 %
1 1 .7 %
1 0 .4 %
1 0 .7 %
1 0 .6 %
1 0 .5 %
    % 总资产
2 7 .8 %
2 4 .7 %
2 0 .1 %
1 9 .3 %
1 7 .1 %
1 5 .8 %
息税前利润（E B IT ）
2 1 ,3 3 4
2 1 ,3 0 0
2 4 ,2 4 5
2 8 ,7 8 2
3 3 ,6 1 5
3 8 ,5 1 7
资产总计
6 5 ,8 7 3
8 6 ,3 0 1
1 1 2 ,9 3 5
1 2 0 ,9 3 6
1 3 9 ,0 9 3
1 5 2 ,3 9 4
    % 销售收入
6 7 .6 %
6 5 .2 %
6 0 .4 %
5 8 .7 %
5 8 .2 %
5 7 .9 %
短期借款
6 3
0
0
0
0
0
财务费用
1 2 3
6 7
3 3
3 5
3 9
4 4
应付款项
3 ,4 1 6
1 0 ,5 6 6
2 0 ,3 0 6
2 5 ,5 3 4
3 0 ,2 0 9
3 4 ,8 3 7
    % 销售收入
-0 .4 %
-0 .2 %
-0 .1 %
-0 .1 %
-0 .1 %
-0 .1 %
其他流动负债
7 ,0 6 6
9 ,4 8 6
1 6 ,7 1 4
7 ,6 7 5
9 ,0 7 9
3 ,9 6 0
资产减值损失
0
1
-1 2
0
0
0
流动负债
1 0 ,5 4 4
2 0 ,0 5 2
3 7 ,0 2 0
3 3 ,2 0 9
3 9 ,2 8 8
3 8 ,7 9 7
公允价值变动收益
0
0
0
0
0
0
长期贷款
0
0
0
0
0
1
投资收益
3
4
0
0
0
0
其他长期负债
1 8
1 6
1 6
0
0
0
    % 税前利润
0 .0 %
0 .0 %
0 .0 %
0 .0 %
0 .0 %
0 .0 %
负债
1 0 ,5 6 2
2 0 ,0 6 7
3 7 ,0 3 6
3 3 ,2 0 9
3 9 ,2 8 8
3 8 ,7 9 8
营业利润
2 1 ,4 6 0
2 1 ,3 7 2
2 4 ,2 6 6
2 8 ,8 1 7
3 3 ,6 5 4
3 8 ,5 6 1
普通股股东权益
5 3 ,4 3 0
6 3 ,9 2 6
7 2 ,8 9 4
8 3 ,1 4 3
9 3 ,3 7 8
1 0 5 ,1 4 0
  营业利润率
6 8 .0 %
6 5 .4 %
6 0 .4 %
5 8 .8 %
5 8 .2 %
5 8 .0 %
少数股东权益
1 ,8 8 1
2 ,3 0 8
3 ,0 0 4
4 ,5 8 4
6 ,4 2 8
8 ,4 5 6
营业外收支
-2 2 1
-1 5 7
-3 0 8
-1 6 0
-2 0 0
-2 4 0
负债股东权益合计
6 5 ,8 7 3
8 6 ,3 0 1
1 1 2 ,9 3 5
1 2 0 ,9 3 6
1 3 9 ,0 9 3
1 5 2 ,3 9 4
税前利润
2 1 ,2 3 9
2 1 ,2 1 5
2 3 ,9 5 8
2 8 ,6 5 7
3 3 ,4 5 4
3 8 ,3 2 1
    利润率
6 7 .3 %
6 5 .0 %
5 9 .7 %
5 8 .4 %
5 7 .9 %
5 7 .6 %
比率分析
所得税
-5 ,6 1 3
-5 ,5 4 7
-6 ,0 2 7
-7 ,5 9 4
-8 ,8 6 5
-1 0 ,1 5 5
2 0 1 4
2 0 1 5
2 0 1 6
2 0 1 7 E
2 0 1 8 E
2 0 1 9 E
  所得税率
2 6 .4 %
2 6 .1 %
2 5 .2 %
2 6 .5 %
2 6 .5 %
2 6 .5 %
每股指标
净利润
1 5 ,6 2 6
1 5 ,6 6 8
1 7 ,9 3 1
2 1 ,0 6 3
2 4 ,5 8 9
2 8 ,1 6 6
每股收益
1 2 .8 7 8
1 1 .7 1 5
1 3 .3 0 9
1 5 .5 1 0
1 8 .1 0 6
2 0 .8 0 7
少数股东损益
9 2 0
9 5 2
1 ,2 1 2
1 ,5 8 0
1 ,8 4 4
2 ,0 2 8
每股净资产
4 6 .7 8 7
5 0 .8 8 8
5 8 .0 2 8
6 6 .1 8 6
7 4 .3 3 3
8 3 .6 9 7
归属于母公司的净利1 4 ,7 0 7
1 4 ,7 1 6
1 6 ,7 1 8
1 9 ,4 8 3
2 2 ,7 4 4
2 6 ,1 3 8
每股经营现金净流
1 1 .0 5 8
1 3 .8 7 5
2 9 .8 0 4
1 3 .1 9 9
2 0 .8 5 8
1 8 .7 8 2
    净利率
4 6 .6 %
4 5 .1 %
4 1 .6 %
3 9 .7 %
3 9 .3 %
3 9 .3 %
每股股利
4 .3 7 4
4 .3 7 4
6 .1 7 1
7 .1 9 1
9 .9 5 8
1 1 .4 4 4
回报率
现金流量表（人民币百万元）
净资产收益率
2 7 .5 2 %
2 3 .0 2 %
2 2 .9 4 %
2 3 .4 3 %
2 4 .3 6 %
2 4 .8 6 %
2 0 1 4
2 0 1 5
2 0 1 6
2 0 1 7 E
2 0 1 8 E
2 0 1 9 E
总资产收益率
2 2 .3 3 %
1 7 .0 5 %
1 4 .8 0 %
1 6 .1 1 %
1 6 .3 5 %
1 7 .1 5 %
净利润
1 6 ,2 6 9
1 6 ,4 5 5
1 7 ,9 3 1
2 1 ,0 6 3
2 4 ,5 8 9
2 8 ,1 6 6
投入资本收益率
2 8 .3 5 %
2 3 .7 5 %
2 3 .9 1 %
2 4 .1 1 %
2 4 .7 5 %
2 4 .9 2 %
少数股东损益
9 2 0
9 5 2
1 ,2 1 2
1 ,5 8 0
1 ,8 4 4
2 ,0 2 8
增长率
非现金支出
7 5 3
8 4 1
9 3 6
1 ,0 2 7
1 ,1 2 4
1 ,2 2 1
主营业务收入增长率
2 .1 1 %
3 .4 4 %
2 2 .9 5 %
2 2 .1 5 %
1 7 .8 5 %
1 5 .0 8 %
非经营收益
8 6
-3 3 8
-5 8 8
1 6 0
2 0 0
2 4 0
E B IT 增长率
0 .5 9 %
-0 .1 6 %
1 3 .8 3 %
1 8 .7 1 %
1 6 .7 9 %
1 4 .5 8 %
营运资金变动
-4 ,4 8 0
4 7 1
1 9 ,1 6 2
-5 ,6 6 9
2 8 8
-6 ,0 3 4
净利润增长率
-1 .8 8 %
0 .0 6 %
1 3 .6 1 %
1 6 .5 4 %
1 6 .7 4 %
1 4 .9 2 %
经营活动现金净流
1 2 ,6 2 9
1 7 ,4 3 0
3 7 ,4 4 0
1 6 ,5 8 1
2 6 ,2 0 1
2 3 ,5 9 4
总资产增长率
1 8 .7 9 %
3 1 .0 1 %
3 0 .8 6 %
7 .0 8 %
1 5 .0 1 %
9 .5 6 %
资本开支
-4 ,4 2 1
-2 ,0 5 3
-1 ,0 1 9
-1 ,7 3 2
-1 ,7 8 0
-1 ,8 2 6
资产管理能力
投资
-1 0
3 5
0
-6
0
0
应收账款周转天数
0 .0
0 .0
0 .0
0 .0
0 .0
0 .0
其他
-1 4 9
-3 1
-8 3
0
0
0
存货周转天数
2 ,0 4 1 .3
2 ,3 0 5 .0
1 ,9 9 5 .7
1 ,7 0 0 .0
1 ,7 0 0 .0
1 ,7 0 0 .0
投资活动现金净流
-4 ,5 8 0
-2 ,0 4 9
-1 ,1 0 3
-1 ,7 3 8
-1 ,7 8 0
-1 ,8 2 6
应付账款周转天数
7 5 .5
1 1 1 .0
9 9 .3
1 0 0 .0
1 0 0 .0
1 0 0 .0
股权募资
3 5
0
1 6
0
0
0
固定资产周转天数
1 1 9 .9
1 2 7 .6
1 3 1 .4
1 1 1 .4
9 7 .1
8 6 .1
债权募资
6 7
-5 6
0
-1 6
0
1
偿债能力
其他
-5 ,1 4 9
-5 ,5 4 8
-8 ,3 5 0
-9 ,2 3 5
-1 2 ,5 0 9
-1 4 ,3 7 6
净负债/ 股东权益
-4 9 .9 9 %
-5 5 .5 6 %
-8 8 .0 8 %
-8 2 .5 8 %
-8 4 .5 2 %
-8 0 .7 7 %
筹资活动现金净流
-5 ,0 4 7
-5 ,6 0 4
-8 ,3 3 4
-9 ,2 5 0
-1 2 ,5 0 9
-1 4 ,3 7 5
E B IT 利息保障倍数
-1 7 3 .2
-3 1 6 .7
-7 3 0 .8
-8 2 6 .5
-8 5 7 .5
-8 7 4 .8
现金净流量
3 ,0 0 2
9 ,7 7 6
2 8 ,0 0 3
5 ,5 9 2
1 1 ,9 1 2
7 ,3 9 3
资产负债率
1 6 .0 3 %
2 3 .2 5 %
3 2 .7 9 %
2 7 .4 6 %
2 8 .2 5 %
2 5 .4 6 %
公司点评 
- 4 - 
敬请参阅最后一页特别声明 
 
 
市场中相关报告评级比率分析 
日期 
一周内 
一月内 
二月内 
三月内 
六月内 
买入 
0 
0 
2 
15 
66 
增持 
0 
0 
1 
2 
6 
中性 
0 
0 
0 
0 
0 
减持 
0 
0 
0 
0 
0 
评分 
0.00 
0.00 
1.33 
1.12 
1.08 
来源：朝阳永续 
市场中相关报告评级比率分析说明： 
市场中相关报告投资建议为“买入”得1 分，为
“增持”得2 分，为“中性”得3 分，为“减持”得4
分，之后平均计算得出最终评分，作为市场平均投资建
议的参考。 
最终评分与平均投资建议对照： 
1.00  =买入； 1.01~2.0=增持 ； 2.01~3.0=中性 
3.01~4.0=减持 
 
历史推荐和目标定价(人民币) 
序号 
日期 
评级 
市价 
目标价 
1 
2016-09-05 
买入 
305.78 330.00～335.00 
2 
2016-12-25 
买入 
320.03 380.00～380.00 
3 
2017-04-17 
买入 
395.79 450.00～450.00 
 
 
 
 
 
 
 
 
 
 
 
 
 
 
 
 
 
 
 
 
 
 
 
 
 
来源：国金证券研究所 
 
 
 
 
长期竞争力评级的说明： 
长期竞争力评级着重于企业基本面，评判未来两年后公司综合竞争力与所属行业上市公司均值比较结果。 
 
 
优化市盈率计算的说明： 
行业优化市盈率中，在扣除行业内所有亏损股票后，过往年度计算方法为当年年末收盘总市值与当年股 
票净利润总和相除，预期年度为报告提供日前一交易日收盘总市值与前一年度股票净利润总和相除。 
 
 
投资评级的说明： 
买入：预期未来6－12 个月内上涨幅度在15%以上； 
增持：预期未来6－12 个月内上涨幅度在5%－15%； 
中性：预期未来6－12 个月内变动幅度在 -5%－5%； 
减持：预期未来6－12 个月内下跌幅度在5%以上。 
 
0
500
1,000
1,500
2,000
169.64
208.97
248.30
287.63
326.96
366.29
405.62
150427
150727
151027
160127
160427
160727
161027
170127
成交量 
人民币(元) 
历史推荐与股价 
公司点评 
- 5 - 
敬请参阅最后一页特别声明 
 
 
  
上海 
北京 
深圳 
电话：021-60753903 
传真：021-61038200 
邮箱：researchsh@gjzq.com.cn 
邮编：201204 
地址：上海浦东新区芳甸路1088 号 
           紫竹国际大厦7 楼 
电话：010-66216979 
传真：010-66216793 
邮箱：researchbj@gjzq.com.cn 
邮编：100053 
地址：中国北京西城区长椿街3 号4 层 
电话：0755-83831378 
传真：0755-83830558 
邮箱：researchsz@gjzq.com.cn 
邮编：518000 
地址：中国深圳福田区深南大道4001 号 
           时代金融中心7BD 
 
 
特别声明：  
国金证券股份有限公司经中国证券监督管理委员会批准，已具备证券投资咨询业务资格。 
本报告版权归“国金证券股份有限公司”（以下简称“国金证券”）所有，未经事先书面授权，本报告的任何部分均
不得以任何方式制作任何形式的拷贝，或再次分发给任何其他人，或以任何侵犯本公司版权的其他方式使用。经过
书面授权的引用、刊发，需注明出处为“国金证券股份有限公司”，且不得对本报告进行任何有悖原意的删节和修
改。 
本报告的产生基于国金证券及其研究人员认为可信的公开资料或实地调研资料，但国金证券及其研究人员对这
些信息的准确性和完整性不作任何保证，对由于该等问题产生的一切责任，国金证券不作出任何担保。且本报告中
的资料、意见、预测均反映报告初次公开发布时的判断，在不作事先通知的情况下，可能会随时调整。 
客户应当考虑到国金证券存在可能影响本报告客观性的利益冲突，而不应视本报告为作出投资决策的唯一因
素。本报告亦非作为或被视为出售或购买证券或其他投资标的邀请。 
证券研究报告是用于服务机构投资者和投资顾问的专业产品，使用时必须经专业人士进行解读。国金证券建议
客户应考虑本报告的任何意见或建议是否符合其特定状况，以及（若有必要）咨询独立投资顾问。报告本身、报告
中的信息或所表达意见也不构成投资、法律、会计或税务的最终操作建议，国金证券不就报告中的内容对最终操作
建议做出任何担保。 
在法律允许的情况下，国金证券的关联机构可能会持有报告中涉及的公司所发行的证券并进行交易，并可能为
这些公司正在提供或争取提供多种金融服务。 
本报告反映编写分析员的不同设想、见解及分析方法，故本报告所载观点可能与其他类似研究报告的观点及市
场实际情况不一致，且收件人亦不会因为收到本报告而成为国金证券的客户。 
         本报告仅供国金证券股份有限公司的机构客户使用；非国金证券客户擅自使用国金证券研究报告进行投资，遭
受任何损失，国金证券不承担相关法律责任。 
 
