 
 
 
 
 
 
 



 

 
 
 
 
19650.33 
23091.11 
27948.56 
34502.65 
4.41 
17.51 
21.04 
23.45 
657.31 
728.96 
872.57 
1098.39 
17.12 
10.90 
19.70 
25.88 
42.66 
42.47 
42.66 
42.98 
0.28 
0.32 
0.38 
0.48 
119.58 
107.82 
90.08 
71.56 
 
 
21199.92 
25279.62 
29751.36 
35802.57 
19650.33 
23091.11 
27948.56 
34502.65 
3562.64 
6817.84 
6436.63 
6960.48 
11266.55 
13284.11 
16025.45 
19673.09 
12165.10 
11947.82 
15473.46 
19438.11 
126.45 
150.09 
178.87 
227.72 
336.72 
431.11 
506.25 
620.12 
3584.04 
4179.49 
5097.82 
6324.34 
395.68 
365.41 
459.87 
598.87 
1370.35 
1503.23 
1827.84 
2377.23 
2458.97 
3051.33 
3701.95 
4452.39 
15.35 
0.00 
0.00 
0.00 
2280.81 
2666.10 
3173.20 
3732.59 
-84.94 
0.00 
0.00 
0.00 
16631.20 
18057.38 
18672.08 
19195.78 
79.98 
0.00 
0.00 
0.00 
1437.18 
1727.21 
2063.69 
2440.18 
204.89 
-11.55 
27.95 
155.26 
4393.87 
3951.78 
3509.69 
3067.60 
429.26 
619.05 
807.96 
1021.60 
3116.55 
3519.28 
3895.07 
4271.71 
33.76 
35.12 
38.01 
40.11 
7683.61 
8859.11 
9203.63 
9416.29 
43.25 
45.76 
35.00 
41.21 
37831.12 
43337.00 
48423.43 
54998.35 
419.77 
608.41 
810.97 
1020.50 
12907.58 
15205.39 
17852.16 
21461.40 
-193.38 
-85.18 
-51.25 
-65.62 
242.72 
122.42 
12.22 
-88.34 
613.15 
693.58 
862.23 
1086.12 
5100.69 
5686.83 
7238.06 
8738.01 
-44.17 
-35.37 
-10.35 
-12.27 
7564.16 
9396.13 
10601.88 
12811.72 
657.31 
728.96 
872.57 
1098.39 
7191.51 
9772.67 
11350.10 
13229.66 
2147.01 
2362.33 
2602.70 
2829.26 
4554.69 
7123.70 
8733.13 
10623.69 
0.28 
0.32 
0.38 
0.48 
2636.81 
2648.97 
2616.97 
2605.97 
20099.09 
24978.06 
29202.26 
34691.06 
699.75 
664.38 
654.03 
641.76 
4.41%
17.51%
21.04%
23.45%
17032.28 
17694.56 
18567.14 
19665.53 
45.18%
44.21%
30.52%
26.44%
37831.12 
43337.00 
48423.43 
54998.35 
17.12%
10.90%
19.70%
25.88%
42.66%
42.47%
42.66%
42.98%
3.35%
3.16%
3.12%
3.18%
349.76 
3329.03 
513.05 
909.36 
3.86%
4.12%
4.70%
5.59%
613.15 
693.58 
862.23 
1086.12 
1.33%
2.54%
2.91%
3.35%
1930.29 
1753.93 
1791.72 
1808.76 
53.13%
57.64%
60.31%
63.08%
61.99 
0.00 
0.00 
0.00 
13.67%
11.33%
20.43%
25.52%
-204.89 
11.55 
-27.95 
-155.26 
1.64 
1.66 
1.67 
1.67 
-2468.51 
1023.29 
-2095.97 
-1817.55 
1.28 
1.30 
1.29 
1.30 
417.73 
-153.32 
-16.98 
-12.70 
0.56 
0.57 
0.61 
0.67 
-3978.73 
-2976.63 
-2361.49 
-2164.50 
1.78 
1.92 
2.04 
1.98 
-4059.98 
-2778.36 
-2134.49 
-2073.98 
2.17 
2.46 
2.48 
2.46 
40.22 
-239.60 
-275.54 
-275.88 
0.28 
0.32 
0.38 
0.48 
41.03 
41.33 
48.54 
185.36 
0.15 
1.44 
0.22 
0.39 
2829.70 
2898.60 
1467.23 
1779.00 
7.37 
7.65 
8.03 
8.51 
-121.29 
-120.30 
-110.20 
-100.56 
119.58 
107.82 
90.08 
71.56 
2840.59 
2569.01 
1609.43 
1890.56 
4.61 
4.44 
4.23 
4.00 
110.40 
449.89 
-32.00 
-11.00 
51.15 
34.15 
31.71 
29.61 
-789.94 
3255.21 
-381.21 
523.86 
4.01 
3.40 
2.81 
2.28 
 
 
