 
 
 
 
 
 
 



 

33.08
 
 
 
 
 
19650.33 
21939.81 
25500.60 
30542.76 
4.41 
11.65 
16.23 
19.77 
657.31 
768.08 
907.68 
1088.33 
17.12 
16.85 
18.18 
19.90 
42.66 
42.74 
42.47 
43.03 
0.28 
0.33 
0.39 
0.47 
119.58 
102.33 
86.59 
72.22 
 
 
21199.92 
24621.76 
28493.82 
33638.06 
19650.33 
21939.81 
25500.60 
30542.76 
3562.64 
7047.22 
7111.79 
7967.83 
11266.55 
12562.65 
14671.43 
17398.93 
12165.10 
11352.12 
14118.17 
17207.18 
126.45 
142.61 
163.20 
201.58 
336.72 
409.62 
461.91 
548.95 
3584.04 
4058.87 
4651.31 
5598.49 
395.68 
345.57 
421.01 
529.64 
1370.35 
1428.28 
1667.74 
2104.40 
2458.97 
2885.61 
3389.17 
3937.70 
15.35 
0.00 
0.00 
0.00 
2280.81 
2581.62 
2991.77 
3446.75 
-84.94 
0.00 
0.00 
0.00 
16631.20 
18057.38 
18672.08 
19195.78 
79.98 
0.00 
0.00 
0.00 
1437.18 
1727.21 
2063.69 
2440.18 
204.89 
-10.97 
25.50 
137.44 
4393.87 
3951.78 
3509.69 
3067.60 
429.26 
651.70 
840.59 
1012.25 
3116.55 
3519.28 
3895.07 
4271.71 
33.76 
35.12 
38.01 
40.11 
7683.61 
8859.11 
9203.63 
9416.29 
43.25 
45.76 
35.00 
41.21 
37831.12 
42679.13 
47165.90 
52833.84 
419.77 
641.06 
843.60 
1011.15 
12907.58 
14510.30 
16522.72 
19234.94 
-193.38 
-89.75 
-53.32 
-65.02 
242.72 
122.42 
12.22 
-88.34 
613.15 
730.80 
896.91 
1076.17 
5100.69 
5377.98 
6626.50 
7727.92 
-44.17 
-37.27 
-10.76 
-12.16 
7564.16 
9009.89 
9884.00 
11595.35 
657.31 
768.08 
907.68 
1088.33 
7191.51 
9772.67 
11350.10 
13229.66 
2147.01 
2394.99 
2635.32 
2819.91 
4554.69 
7123.70 
8733.13 
10623.69 
0.28 
0.33 
0.39 
0.47 
2636.81 
2648.97 
2616.97 
2605.97 
20099.09 
24282.97 
27872.82 
32464.60 
699.75 
662.48 
651.72 
639.55 
4.41%
11.65%
16.23%
19.77%
17032.28 
17733.68 
18641.36 
19729.69 
45.18%
51.82%
28.98%
20.42%
37831.12 
42679.13 
47165.90 
52833.84 
17.12%
16.85%
18.18%
19.90%
42.66% 
42.74% 
42.47% 
43.03% 
3.35%
3.50%
3.56%
3.56%
349.76 
3558.30 
962.50 
1260.94 
3.86%
4.33%
4.87%
5.52%
613.15 
730.80 
896.91 
1076.17 
1.33%
2.68%
3.02%
3.31%
1930.29 
1753.93 
1791.72 
1808.76 
53.13%
56.90%
59.10%
61.45%
61.99 
0.00 
0.00 
0.00 
13.67%
10.06%
16.86%
20.50%
-204.89 
10.97 
-25.50 
-137.44 
1.64 
1.70 
1.72 
1.75 
-2468.51 
1215.45 
-1684.87 
-1475.43 
1.28 
1.33 
1.35 
1.37 
417.73 
-152.86 
-15.76 
-11.12 
0.56 
0.55 
0.57 
0.61 
-3978.73 
-2976.52 
-2365.16 
-2183.90 
1.78 
1.87 
2.00 
1.95 
-4059.98 
-2778.82 
-2135.72 
-2075.57 
2.17 
2.40 
2.44 
2.42 
40.22 
-239.60 
-275.54 
-275.88 
0.28 
0.33 
0.39 
0.47 
41.03 
41.91 
46.09 
167.54 
0.15 
1.54 
0.42 
0.55 
2829.70 
2898.60 
1467.23 
1779.00 
7.37 
7.67 
8.06 
8.53 
-121.29 
-120.30 
-110.20 
-100.56 
119.58 
102.33 
86.59 
72.22 
2840.59 
2569.01 
1609.43 
1890.56 
4.61 
4.43 
4.22 
3.98 
110.40 
449.89 
-32.00 
-11.00 
51.15 
33.59 
31.06 
29.35 
-789.94 
3484.59 
64.57 
856.04 
4.01 
3.58 
3.08 
2.57 
 
 
