 
- 1 - 
敬请参阅最后一页特别声明 
 
 
 
 
 
市场价格（人民币）： 28.15 元 
目标价格（人民币）：46.00 元 
市场数据(人民币) 
总股本(亿股) 
37.72 
已上市流通A 股(亿股) 
37.68 
总市值(亿元) 
1,061.82 
年内股价最高最低(元) 
28.92/22.27 
沪深300 指数 
3839 
上证指数 
2844 
相关报告 
1.《特殊时期的超预期，更能体现强者过
人之处- 隆基股份2020 年一... 》，
2020 4 16
2.《海外产能布局再下一城，避贸易壁垒
提升盈利- 隆基股份收购事件点...》，
2020 2 24
3.《Q4 盈利再创新高，2020 年业绩有望
超预期-隆基股份2019...》，2020.1.17 
4.《国内市场延迟启动无碍Q3 盈利能力
持续走高- 隆基股份2019 三... 》，
2019 10 30
5.《发行转债护航扩产，巩固龙头地位保
增长- 隆基股份公司事件点评》，
2019 10 24
  
姚遥 
分析师 SAC 执业编号：S1130512080001 
(8621)61357595 
yaoy＠gjzq.com.cn 
张斯琴 
联系人 
zhangsiqin＠gjzq.com.cn 
 
继续飞奔在盈利增长的快车道上 
 
公司基本情况(人民币) 
项目 
2018 
2019 
2020E 
2021E 
2022E 
摊薄每股收益(元) 
0.917 
1.400 
1.864 
2.254 
2.755 
每股净资产(元) 
5.89 
7.32 
9.19 
11.45 
14.20 
每股经营性现金流(元) 
0.42 
2.15 
1.00 
3.01 
3.69 
市盈率(倍) 
19.03 
17.74 
15.10 
12.49 
10.22 
净利润增长率(%) 
-28.24% 
106.40% 
33.18% 
20.91% 
22.22% 
净资产收益率(%) 
15.55% 
19.11% 
20.27% 
19.69% 
19.39% 
总股本(百万股) 
2,791 
3,772 
3,772 
3,772 
3,772 
 
来源：公司年报、国金证券研究所 
 
业绩简评 
 
隆基股份发布2019 年年报及2020 年一季报，公司2019 年实现收入329 亿
元（+50%），净利润52.8 亿元（+106%），2020Q1 实现收入86 亿元
（+51%），净利润18.6 亿元（+205%），2019 全年及2020Q1 业绩均靠近
前期业绩预告区间上限。 
经营分析 
 
公司全球化战略初见成效，助力可持续快速增长：公司过去2 年围绕组件业
务展开的多角度全球化布局（认证、渠道、客户、产能），在2019 年靓丽的
经营业绩中初显成效：全年实现组件海外销售5GW，同比增长154%，占
组件销售总量的67%，其中公司在马来西亚布局的一体化产能对抢占溢价丰
厚的美国市场战略意义重大，随着马来产能的扩大以及公司今年2 月公告拟
收购越南产能的交易完成，将助力公司实现短期经营目标（2020 年496 亿
元收入、20GW 组件出货量）的同时，提供更大更可持续的增长空间。 
 
高额研发投入继续、且将在未来持续收获重大经济回报：公司2019 年继续
维持高额研发投入近17 亿元，换来的是硅片非硅成本同比下降约26%、
PERC 电池/组件频繁打破世界纪录、获取硅片掺镓专利授权后的产品快速推
广、BIPV 新业务的产品研发定型。这些凭借持续高额研发投入和完善研发
体系所收获的“快人一步”的降本、提效、新产品开发的成果，最终均体现
为了公司核心业务领先同业的毛利率水平和市场份额的持续扩张。 
 
高速扩张下财务稳健性有增无减，经营现金流大幅显著：难能可贵的是，公
司在高速扩张的同时，2019 年底资产负债率同比下降5.3pct 至52.3%，同
时，全年经营性现金流量净额达到81.6 亿元，同比增长近6 倍，且大幅超
过全年净利润，一扫此前被部分市场人士诟病多时的经营现金流“瑕疵”。 
 
单晶替代或将提前完成：单晶自2017 年拉开对多晶的替代大潮，我们测算
2019 年单晶份额已达65%，根据此前对单晶扩产计划的统计及需求增长预
测，我们预计单晶有望在2020 年底接近对多晶的完全替代，但近期因需求
受疫情影响走弱，导致单晶硅片价格快速下跌，或将令这一目标提前实现。 
盈利调整与投资建议 
 
我们微调公司盈利预测中部分经营参数假设后，更新2020-2022E 年净利润
预测至70、85、104 亿元（三年净利润复合增速25%），对应EPS 分别为
1.86、2.25、2.76 元，维持“买入”评级和46 元目标价，对应25 倍
2020PE。 
风险提示 
 
海外疫情对需求影响超预期；国内政策低于预期；产品跌价超预期。 
0
1000
2000
3000
4000
5000
20.63
24.06
27.49
30.92
190423
190723
191023
200123
人民币(元) 
成交金额(百万元) 
成交金额 
隆基股份 
沪深300 
 
2020 年04 月23 日 
资源与环境研究中心 
隆基股份 (601012.SH)   买入（维持评级） 
公司点评 
证券研究报告 
公司点评 
- 2 - 
敬请参阅最后一页特别声明 
 
 
 
附录：三张报表预测摘要 
来源：公司年报、国金证券研究所 
损益表（人民币百万元）
资产负债表（人民币百万元）
2 0 1 7
2 0 1 8
2 0 1 9
2 0 2 0 E
2 0 2 1 E
2 0 2 2 E
2 0 1 7
2 0 1 8
2 0 1 9
2 0 2 0 E
2 0 2 1 E
2 0 2 2 E
主营业务收入
1 6 ,3 6 2
2 1 ,9 8 8
3 2 ,8 9 7
5 1 ,3 6 9
6 1 ,7 9 6
7 3 ,0 4 5
货币资金
8 ,5 4 6
7 ,7 0 8
1 9 ,3 3 6
2 0 ,8 9 6
2 5 ,0 6 4
2 9 ,3 2 4
    增长率
3 4 .4 %
4 9 .6 %
5 6 .1 %
2 0 .3 %
1 8 .2 %
应收款项
6 ,4 2 6
9 ,1 4 8
9 ,5 0 4
1 8 ,0 6 4
2 1 ,9 8 0
2 6 ,3 4 6
主营业务成本
-1 1 ,0 8 2
-1 7 ,0 9 6
-2 3 ,3 8 9
-3 8 ,4 6 1
-4 6 ,5 8 3
-5 4 ,9 8 4
存货
2 ,3 8 0
4 ,2 8 3
6 ,3 5 6
7 ,1 5 4
8 ,7 3 6
1 0 ,4 5 1
    % 销售收入
6 7 .7 %
7 7 .8 %
7 1 .1 %
7 4 .9 %
7 5 .4 %
7 5 .3 %
其他流动资产
1 ,5 7 4
1 ,7 6 2
2 ,1 7 0
1 ,9 2 5
2 ,3 3 1
2 ,7 5 1
毛利
5 ,2 8 0
4 ,8 9 2
9 ,5 0 8
1 2 ,9 0 9
1 5 ,2 1 3
1 8 ,0 6 1
流动资产
1 8 ,9 2 7
2 2 ,9 0 1
3 7 ,3 6 7
4 8 ,0 3 9
5 8 ,1 1 1
6 8 ,8 7 2
    % 销售收入
3 2 .3 %
2 2 .2 %
2 8 .9 %
2 5 .1 %
2 4 .6 %
2 4 .7 %
    % 总资产
5 7 .6 %
5 7 .7 %
6 3 .0 %
6 5 .4 %
6 4 .9 %
6 4 .3 %
营业税金及附加
-1 5 2
-1 1 7
-1 7 8
-2 3 1
-2 7 8
-3 2 9
长期投资
6 0 7
8 6 9
1 ,1 2 2
1 ,1 2 3
1 ,1 2 2
1 ,1 2 2
    % 销售收入
0 .9 %
0 .5 %
0 .5 %
0 .5 %
0 .5 %
0 .5 %
固定资产
1 2 ,1 8 5
1 4 ,1 1 6
1 8 ,3 4 9
2 2 ,9 8 4
2 8 ,9 3 7
3 5 ,6 9 0
营业费用
-6 6 4
-1 ,0 1 7
-1 ,3 3 0
-2 ,0 5 5
-2 ,4 1 0
-2 ,7 7 6
    % 总资产
3 7 .1 %
3 5 .6 %
3 0 .9 %
3 1 .3 %
3 2 .3 %
3 3 .3 %
    % 销售收入
4 .1 %
4 .6 %
4 .0 %
4 .0 %
3 .9 %
3 .8 %
无形资产
8 6 7
1 ,1 9 7
1 ,2 2 7
1 ,3 0 6
1 ,3 8 0
1 ,4 4 9
管理费用
-6 6 4
-8 2 5
-9 7 1
-1 ,9 2 6
-2 ,2 2 5
-2 ,5 5 7
非流动资产
1 3 ,9 5 6
1 6 ,7 5 8
2 1 ,9 3 7
2 5 ,4 1 5
3 1 ,4 4 1
3 8 ,2 6 3
    % 销售收入
4 .1 %
3 .8 %
3 .0 %
3 .8 %
3 .6 %
3 .5 %
    % 总资产
4 2 .4 %
4 2 .3 %
3 7 .0 %
3 4 .6 %
3 5 .1 %
3 5 .7 %
息税前利润（E B IT ）
3 ,8 0 0
2 ,9 3 3
7 ,0 2 9
8 ,6 9 6
1 0 ,3 0 0
1 2 ,4 0 0
资产总计
3 2 ,8 8 4
3 9 ,6 5 9
5 9 ,3 0 4
7 3 ,4 5 4
8 9 ,5 5 2
1 0 7 ,1 3 5
    % 销售收入
2 3 .2 %
1 3 .3 %
2 1 .4 %
1 6 .9 %
1 6 .7 %
1 7 .0 %
短期借款
2 ,1 7 2
1 ,8 2 4
2 ,4 2 6
7 ,8 7 7
9 ,4 4 3
1 0 ,2 9 6
财务费用
-1 9 8
-2 6 7
-2 5 0
-1 3 2
-3 1 5
-3 2 6
应付款项
9 ,6 3 0
1 1 ,8 8 0
2 1 ,2 9 2
2 4 ,1 3 3
2 9 ,1 9 4
3 4 ,4 4 9
    % 销售收入
1 .2 %
1 .2 %
0 .8 %
0 .3 %
0 .5 %
0 .4 %
其他流动负债
5 3 8
1 ,1 7 4
9 0 2
1 ,5 2 7
1 ,8 4 3
2 ,2 1 5
资产减值损失
-2 0 7
-7 2 8
-5 6 3
-7 5 5
-2 6 9
-1 9 3
流动负债
1 2 ,3 4 0
1 4 ,8 7 8
2 4 ,6 2 0
3 3 ,5 3 7
4 0 ,4 8 0
4 6 ,9 6 0
公允价值变动收益
0
0
0
0
0
0
长期贷款
1 ,6 5 6
2 ,6 5 9
2 ,5 0 9
2 ,5 0 9
2 ,7 0 9
2 ,9 0 9
投资收益
5 8 2
7 9 4
2 4 0
5 0 0
4 0 0
4 5 0
其他长期负债
4 ,6 4 4
5 ,2 9 7
3 ,8 8 1
1 ,7 5 9
1 ,8 6 4
1 ,9 7 6
    % 税前利润
1 4 .5 %
2 7 .7 %
3 .8 %
6 .0 %
4 .0 %
3 .6 %
负债
1 8 ,6 4 0
2 2 ,8 3 4
3 1 ,0 0 9
3 7 ,8 0 5
4 5 ,0 5 2
5 1 ,8 4 5
营业利润
3 ,9 9 6
2 ,8 6 9
6 ,2 9 8
8 ,3 7 8
1 0 ,1 1 6
1 2 ,3 3 2
普通股股东权益
1 4 ,1 9 5
1 6 ,4 5 2
2 7 ,6 2 9
3 4 ,6 8 3
4 3 ,1 8 4
5 3 ,5 7 4
  营业利润率
2 4 .4 %
1 3 .1 %
1 9 .1 %
1 6 .3 %
1 6 .4 %
1 6 .9 %
少数股东权益
4 9
3 7 3
6 6 6
9 6 6
1 ,3 1 6
1 ,7 1 6
营业外收支
2 2
-2
-5 1
0
0
0
负债股东权益合计
3 2 ,8 8 4
3 9 ,6 5 9
5 9 ,3 0 4
7 3 ,4 5 4
8 9 ,5 5 2
1 0 7 ,1 3 5
税前利润
4 ,0 1 8
2 ,8 6 7
6 ,2 4 7
8 ,3 7 8
1 0 ,1 1 6
1 2 ,3 3 2
    利润率
2 4 .6 %
1 3 .0 %
1 9 .0 %
1 6 .3 %
1 6 .4 %
1 6 .9 %
比率分析
所得税
-4 6 8
-3 0 1
-6 9 0
-1 ,0 4 7
-1 ,2 6 4
-1 ,5 4 1
2 0 1 7
2 0 1 8
2 0 1 9
2 0 2 0 E
2 0 2 1 E
2 0 2 2 E
  所得税率
1 1 .7 %
1 0 .5 %
1 1 .0 %
1 2 .5 %
1 2 .5 %
1 2 .5 %
每股指标
净利润
3 ,5 4 9
2 ,5 6 7
5 ,5 5 7
7 ,3 3 1
8 ,8 5 1
1 0 ,7 9 0
每股收益
1 .7 8 8
0 .9 1 7
1 .4 0 0
1 .8 6 4
2 .2 5 4
2 .7 5 5
少数股东损益
-1 5
9
2 7 8
3 0 0
3 5 0
4 0 0
每股净资产
7 .1 1 9
5 .8 9 5
7 .3 2 5
9 .1 9 5
1 1 .4 4 8
1 4 .2 0 3
归属于母公司的净利
3 ,5 6 5
2 ,5 5 8
5 ,2 8 0
7 ,0 3 1
8 ,5 0 1
1 0 ,3 9 0
每股经营现金净流
0 .6 2 3
0 .4 2 0
2 .1 4 7
1 .0 0 5
3 .0 1 5
3 .6 8 5
    净利率
2 1 .8 %
1 1 .6 %
1 6 .0 %
1 3 .7 %
1 3 .8 %
1 4 .2 %
每股股利
0 .1 3 0
0 .0 4 5
0 .1 0 0
0 .0 0 0
0 .0 0 0
0 .0 0 0
回报率
现金流量表（人民币百万元）
净资产收益率
2 5 .1 1 %
1 5 .5 5 %
1 9 .1 1 %
2 0 .2 7 %
1 9 .6 9 %
1 9 .3 9 %
2 0 1 7
2 0 1 8
2 0 1 9
2 0 2 0 E
2 0 2 1 E
2 0 2 2 E
总资产收益率
1 0 .8 4 %
6 .4 5 %
8 .9 0 %
9 .5 7 %
9 .4 9 %
9 .7 0 %
净利润
3 ,5 4 9
2 ,5 6 7
5 ,5 5 7
7 ,3 3 1
8 ,8 5 1
1 0 ,7 9 0
投入资本收益率
1 5 .8 2 %
1 0 .6 6 %
1 7 .3 2 %
1 6 .1 8 %
1 5 .6 3 %
1 5 .6 1 %
少数股东损益
-1 5
9
2 7 8
3 0 0
3 5 0
4 0 0
增长率
非现金支出
9 3 7
1 ,9 2 9
1 ,9 8 9
2 ,6 8 3
2 ,9 0 2
3 ,7 3 1
主营业务收入增长率
4 1 .9 0 %
3 4 .3 8 %
4 9 .6 2 %
5 6 .1 5 %
2 0 .3 0 %
1 8 .2 0 %
非经营收益
-3 8 4
-4 0 6
1 0 4
1 5 9
3 1 0
3 3 4
E B IT 增长率
7 6 .7 3 %
-2 2 .8 3 %
1 2 9 .3 0 %
2 9 .3 2 %
1 8 .4 4 %
2 0 .3 9 %
营运资金变动
-2 ,8 6 0
-2 ,9 1 7
4 4 7
-6 ,3 8 3
-6 9 2
-9 5 4
净利润增长率
1 3 0 .3 8 %
-2 8 .2 4 %
1 0 6 .4 0 %
3 3 .1 8 %
2 0 .9 1 %
2 2 .2 2 %
经营活动现金净流
1 ,2 4 2
1 ,1 7 3
8 ,0 9 7
3 ,7 9 0
1 1 ,3 7 1
1 3 ,9 0 0
总资产增长率
7 1 .5 2 %
2 0 .6 0 %
4 9 .5 3 %
2 3 .8 6 %
2 1 .9 2 %
1 9 .6 3 %
资本开支
-3 ,9 4 5
-3 ,8 2 3
-2 ,6 8 4
-5 ,9 7 4
-8 ,7 0 9
-1 0 ,4 1 0
资产管理能力
投资
5
4 3 4
1 8 3
-1
0
0
应收账款周转天数
6 9 .4
6 8 .8
4 5 .4
7 0 .0
7 0 .0
7 0 .0
其他
1 6 5
2 2 0
-2 5 2
5 0 0
4 0 0
4 5 0
存货周转天数
5 9 .2
7 1 .1
8 3 .0
7 3 .0
7 4 .0
7 5 .0
投资活动现金净流
-3 ,7 7 4
-3 ,1 6 9
-2 ,7 5 3
-5 ,4 7 5
-8 ,3 0 9
-9 ,9 6 0
应付账款周转天数
9 1 .5
7 8 .3
7 3 .2
7 8 .0
7 8 .0
7 8 .0
股权募资
6 3
3 0 8
4 ,5 9 4
2 3
0
0
固定资产周转天数
2 4 1 .0
2 2 0 .1
1 7 1 .6
1 3 9 .4
1 4 8 .1
1 5 8 .0
债权募资
4 ,9 6 2
7 6 6
-1 9 8
3 ,6 5 7
1 ,7 6 5
1 ,0 5 4
偿债能力
其他
-3 2 2
-7 6 8
9 4
-4 3 4
-6 6 0
-7 3 4
净负债/ 股东权益
-1 1 .0 2 %
0 .2 2 %
-4 7 .3 8 %
-2 6 .6 9 %
-2 6 .7 8 %
-2 7 .3 5 %
筹资活动现金净流
4 ,7 0 3
3 0 5
4 ,4 9 0
3 ,2 4 5
1 ,1 0 5
3 2 0
E B IT 利息保障倍数
1 9 .2
1 1 .0
2 6 .9
6 5 .7
3 2 .7
3 8 .1
现金净流量
2 ,1 7 1
-1 ,6 9 1
9 ,8 3 4
1 ,5 6 1
4 ,1 6 7
4 ,2 6 0
资产负债率
5 6 .6 8 %
5 7 .5 8 %
5 2 .2 9 %
5 1 .4 7 %
5 0 .3 1 %
4 8 .3 9 %
eXaXqVsUlUmVmUfWMBnNtPaQcMbRmOmMoMmMlOqQsOlOmOpMaQnNvMxNnOuMNZpMqP
公司点评 
- 3 - 
敬请参阅最后一页特别声明 
 
 
市场中相关报告评级比率分析 
日期 
一周内 
一月内 
二月内 
三月内 
六月内 
买入 
0 
0 
0 
4 
59 
增持 
0 
0 
0 
2 
22 
中性 
0 
0 
0 
1 
1 
减持 
0 
0 
0 
0 
0 
评分 
0.00 
0.00 
0.00 
1.57 
1.29 
来源：朝阳永续 
市场中相关报告评级比率分析说明： 
市场中相关报告投资建议为“买入”得1 分，为
“增持”得2 分，为“中性”得3 分，为“减持”得4
分，之后平均计算得出最终评分，作为市场平均投资建
议的参考。 
最终评分与平均投资建议对照： 
1.00  =买入； 1.01~2.0=增持 ； 2.01~3.0=中性 
3.01~4.0=减持 
 
历史推荐和目标定价(人民币) 
序号 
日期 
评级 
市价 
目标价 
1 
2019-04-30 
买入 
22.70 
33.00 
2 
2019-07-18 
买入 
23.04 
35.00 
3 
2019-08-29 
买入 
27.90 
38.80 
4 
2019-10-24 
买入 
23.30 
33.50 
5 
2019-10-30 
买入 
22.75 
32.40 
6 
2020-01-17 
买入 
28.45 
36.00 
7 
2020-02-24 
买入 
33.90 
46.00 
8 
2020-04-16 
买入 
25.24 
46.00 
来源：国金证券研究所 
 
 
 
 
 
 
投资评级的说明： 
买入：预期未来6－12 个月内上涨幅度在15%以上； 
增持：预期未来6－12 个月内上涨幅度在5%－15%； 
中性：预期未来6－12 个月内变动幅度在 -5%－5%； 
减持：预期未来6－12 个月内下跌幅度在5%以上。 
 
0
500
1,000
1,500
2,000
9.85
13.30
16.75
20.20
23.65
27.10
30.55
34.00
180423
180723
181023
190123
190423
190723
191023
200123
成交量 
人民币(元) 
历史推荐与股价 
公司点评 
- 4 - 
敬请参阅最后一页特别声明 
 
特别声明： 
国金证券股份有限公司经中国证券监督管理委员会批准，已具备证券投资咨询业务资格。 
本报告版权归“国金证券股份有限公司”（以下简称“国金证券”）所有，未经事先书面授权，任何机构和个人
均不得以任何方式对本报告的任何部分制作任何形式的复制、转发、转载、引用、修改、仿制、刊发，或以任何侵
犯本公司版权的其他方式使用。经过书面授权的引用、刊发，需注明出处为“国金证券股份有限公司”，且不得对本
报告进行任何有悖原意的删节和修改。 
本报告的产生基于国金证券及其研究人员认为可信的公开资料或实地调研资料，但国金证券及其研究人员对这
些信息的准确性和完整性不作任何保证，对由于该等问题产生的一切责任，国金证券不作出任何担保。且本报告中
的资料、意见、预测均反映报告初次公开发布时的判断，在不作事先通知的情况下，可能会随时调整。 
本报告中的信息、意见等均仅供参考，不作为或被视为出售及购买证券或其他投资标的邀请或要约。客户应当
考虑到国金证券存在可能影响本报告客观性的利益冲突，而不应视本报告为作出投资决策的唯一因素。证券研究报
告是用于服务具备专业知识的投资者和投资顾问的专业产品，使用时必须经专业人士进行解读。国金证券建议获取
报告人员应考虑本报告的任何意见或建议是否符合其特定状况，以及（若有必要）咨询独立投资顾问。报告本身、
报告中的信息或所表达意见也不构成投资、法律、会计或税务的最终操作建议，国金证券不就报告中的内容对最终
操作建议做出任何担保，在任何时候均不构成对任何人的个人推荐。 
在法律允许的情况下，国金证券的关联机构可能会持有报告中涉及的公司所发行的证券并进行交易，并可能为
这些公司正在提供或争取提供多种金融服务。 
本报告反映编写分析员的不同设想、见解及分析方法，故本报告所载观点可能与其他类似研究报告的观点及市
场实际情况不一致，且收件人亦不会因为收到本报告而成为国金证券的客户。 
根据《证券期货投资者适当性管理办法》，本报告仅供国金证券股份有限公司客户中风险评级高于C3 级(含C3
级）的投资者使用；非国金证券C3 级以上(含C3 级）的投资者擅自使用国金证券研究报告进行投资，遭受任何损失，
国金证券不承担相关法律责任。 
此报告仅限于中国大陆使用。 
 
  
上海 
北京 
深圳 
电话：021-60753903 
传真：021-61038200 
邮箱：researchsh@gjzq.com.cn 
邮编：201204 
地址：上海浦东新区芳甸路1088 号 
           紫竹国际大厦7 楼 
电话：010-66216979 
传真：010-66216793 
邮箱：researchbj@gjzq.com.cn 
邮编：100053 
地址：中国北京西城区长椿街3 号4 层 
电话：0755-83831378 
传真：0755-83830558 
邮箱：researchsz@gjzq.com.cn 
邮编：518000 
地址：中国深圳福田区深南大道4001 号 
           时代金融中心7GH 
 
 
