 
⚫ 
⚫ 
⚫ 
⚫ 
⚫ 
⚫ 
6338.70 
6376.68 
6691.15 
7291.24 
6.95 
0.60 
4.93 
8.97 
86.70 
72.13 
80.29 
93.83 
-15.63 
-16.81 
11.32 
16.86 
9.69 
8.91 
8.77 
8.65 
0.42 
0.35 
0.39 
0.45 
6.76 
8.13 
7.30 
6.25 

 

 


 
 
 
 
 
4841.34  
4885.73  
5151.45  
5639.73  
6338.70  
6376.68  
6691.15  
7291.24  
444.40  
489.10  
625.82  
734.12  
5724.57  
5808.48  
6104.06  
6660.40  
1300.37  
1142.29  
1196.81  
1301.97  
19.21  
21.71  
21.67  
23.77  
404.36  
509.68  
488.39  
527.95  
31.69  
32.10  
33.42  
36.52  
331.21  
399.23  
396.56  
433.17  
123.60  
125.79  
130.70  
142.85  
800.76  
809.11  
837.15  
903.00  
9.89  
6.11  
5.06  
0.54  
1560.24  
1536.31  
1606.74  
1739.52  
-29.55  
-24.42  
-20.57  
-15.57  
1774.68  
1830.80  
1885.67  
1943.90  
-3.14  
0.00  
0.00  
0.00  
362.36  
397.10  
431.60  
467.71  
-14.87  
-16.75  
-16.89  
-18.44  
277.26  
287.39  
298.78  
310.94  
137.16  
112.29  
125.62  
146.67  
228.50  
242.09  
253.54  
265.17  
2.89  
0.00  
0.00  
0.00  
906.56  
904.22  
901.75  
900.08  
2.40  
0.00  
0.00  
0.00  
6616.02  
6716.53  
7037.12  
7583.63  
137.65  
112.29  
125.62  
146.67  
4488.18  
4494.63  
4710.65  
5135.16  
23.59  
18.82  
21.05  
24.67  
282.20  
305.24  
341.51  
380.70  
114.06  
93.47  
104.57  
122.00  
2403.94  
2232.20  
2382.89  
2619.39  
27.36  
21.34  
24.28  
28.17  
1802.04  
1957.19  
1986.26  
2135.07  
86.70  
72.13  
80.29  
93.83  
447.93  
447.93  
447.93  
447.93  
216.48  
140.47  
152.27  
167.96  
341.69  
341.69  
341.69  
341.69  
0.42  
0.35  
0.39  
0.45  
106.24  
106.24  
106.24  
106.24  
4936.11  
4942.56  
5158.58  
5583.09  
225.11  
246.45  
270.73  
298.90  
6.95% 
0.60% 
4.93% 
8.97% 
1454.80  
1527.52  
1607.81  
1701.64  
-10.85% 
-18.13% 
11.87% 
16.76% 
6616.02  
6716.53  
7037.12  
7583.63  
-15.63% 
-16.81% 
11.32% 
16.86% 
9.69% 
8.91% 
8.77% 
8.65% 
1.37% 
1.13% 
1.20% 
1.29% 
58.92  
143.45  
221.99  
193.89  
5.96% 
4.72% 
4.99% 
5.51% 
114.06  
93.47  
104.57  
122.00  
6.01% 
3.88% 
4.06% 
4.31% 
40.65  
22.07  
21.59  
20.75  
74.61% 
73.59% 
73.31% 
73.62% 
17.96  
23.88  
24.63  
25.57  
17.74% 
15.57% 
9.36% 
5.33% 
-5.92  
16.75  
16.89  
18.44  
1.08  
1.09  
1.09  
1.10  
-186.40  
-71.27  
4.74  
-32.66  
0.52  
0.51  
0.53  
0.54  
78.57  
58.54  
49.58  
39.79  
1.02  
0.96  
0.97  
1.00  
-67.25  
-98.48  
-96.93  
-99.20  
5.67  
5.22  
5.72  
5.84  
-42.18  
-38.80  
-38.45  
-37.50  
2.68  
2.51  
2.65  
2.66  
-44.18  
-42.93  
-41.59  
-43.26  
0.42  
0.35  
0.39  
0.45  
19.12  
-16.75  
-16.89  
-18.44  
0.28  
0.69  
1.07  
0.94  
11.56  
-0.85  
11.64  
13.62  
7.02  
7.37  
7.76  
8.21  
80.27  
23.03  
36.27  
39.19  
6.76  
8.13  
7.30  
6.25  
53.28  
0.00  
0.00  
0.00  
0.40  
0.38  
0.36  
0.34  
-121.99  
-23.88  
-24.63  
-25.57  
4.31  
6.14  
5.01  
4.13  
3.82  
44.70  
136.71  
108.31  
0.09  
0.09  
0.09  
0.08  
 
 
