 
 
 
 
 
 

 

 
 
 
 
 
 
 
 
92495.53 
95229.48 
101685.42 
110765.16 
51953.86 
52364.46 
55116.96 
60007.10 
692.29 
676.37 
685.36 
708.46 
12051.22 
13438.93 
13799.29 
14454.59 
3095.94 
3070.42 
3278.58 
3571.33 
-114.82 
0.00 
0.00 
0.00 
-445.91 
0.00 
0.00 
0.00 
47.76 
0.00 
0.00 
0.00 
187.02 
0.00 
0.00 
0.00 
14312.25 
16125.45 
18641.76 
20952.70 
63.74 
0.00 
0.00 
0.00 
32.49 
0.00 
0.00 
0.00 
14343.49 
16125.45 
18641.76 
20952.70 
1202.47 
1473.43 
1640.85 
2010.21 
13141.02 
14652.02 
17000.90 
18942.49 
1163.70 
1263.23 
1587.64 
1890.96 
11977.33 
13388.79 
15413.27 
17051.53 
15962.80 
16125.45 
18641.76 
20952.70 
1.30 
1.45 
1.67 
1.85 
 
