 
⚫ 
⚫ 
⚫ 
⚫ 
⚫ 
⚫ 
29717.04 
30000.49 
33033.24 
36180.64 
12.13 
0.95 
10.11 
9.53 
6111.43 
6312.09 
6761.44 
7523.17 
-14.81 
3.28 
7.12 
11.27 
52.63 
47.59 
46.41 
45.88 
0.21 
0.22 
0.24 
0.26 
20.47 
19.27 
17.99 
16.17 
1.44 
1.33 
1.27 
1.20 
4.09 
4.05 
3.68 
3.36 

 

 



 
 
 
 
 
 
 
54925.21 
56601.93 
62929.00 
68959.47 
29717.04 
30000.49 
33033.24 
36180.64 
5430.51 
6930.96 
6207.72 
5831.63 
14078.22 
15722.17 
17703.92 
19582.25 
44757.75 
44667.26 
51286.15 
57292.52 
237.56 
239.83 
247.56 
271.14 
1108.08 
1115.07 
1229.76 
1345.86 
0.00 
0.00 
0.00 
0.00 
1661.21 
1886.66 
2124.47 
2349.87 
2024.29 
2040.03 
2213.23 
2424.10 
469.93 
497.18 
575.40 
627.84 
4310.32 
4339.74 
4543.74 
4763.76 
1497.72 
1504.81 
1505.50 
1511.74 
-660.92 
0.00 
0.00 
0.00 
301946.22 
319811.74 
335378.17 346413.00 
-0.03 
0.00 
0.00 
0.00 
17628.60 
17928.60 
18228.60 
18528.60 
667.44 
1050.02 
693.70 
759.79 
190690.99 
202981.52 
216919.95 231409.77 
8525.33 
8456.84 
9061.01 
10085.19 
6453.41 
6628.41 
6778.41 
6908.41 
132.12 
130.00 
130.00 
130.00 
87173.22 
92273.22 
93451.22 
89566.22 
97.15 
100.00 
100.00 
100.00 
356871.43 
376413.67 
398307.17 415372.46 
8560.30 
8486.84 
9091.01 
10115.19 
63384.38 
65395.38 
71362.67 
76834.12 
1102.76 
1060.86 
1136.38 
1264.40 
768.72 
1268.72 
1768.72 
2268.72 
7457.54 
7425.99 
7954.64 
8850.79 
28914.08 
30152.11 
35165.31 
39701.00 
1346.11 
1113.90 
1193.20 
1327.62 
33701.58 
33974.55 
34428.64 
34864.40 
6111.43 
6312.09 
6761.44 
7523.17 
189840.52 
201840.52 
211840.52 
216840.52 
24878.00 
26990.00 
29162.84 
31640.16 
147198.41 
159198.41 
169198.41 174198.41 
0.21 
0.22 
0.24 
0.26 
42642.10 
42642.10 
42642.10 
42642.10 
253224.90 
267235.89 
283203.19 293674.64 
16929.13 
18043.03 
19236.22 
20563.84 
12.13%
0.95%
10.11%
9.53%
86717.40 
91134.75 
95867.76 
101133.98 
-5.12%
-0.80%
7.14%
11.30%
356871.43 
376413.67 
398307.17 415372.46 
-14.81%
3.28%
7.12%
11.27%
52.63%
47.59%
46.41%
45.88%
20.57%
21.04%
20.47%
20.79%
18897.33 
27103.13 
26594.78 
29222.70 
7.05%
6.93%
7.05%
7.44%
7457.54 
7425.99 
7954.64 
8850.79 
3.84%
3.38%
3.45%
3.59%
12045.29 
15034.47 
16341.57 
17785.17 
70.96%
71.00%
71.10%
70.70%
4338.19 
4417.97 
4638.31 
4847.81 
175.70%
176.88%
177.52%
172.73%
-667.44 
-1050.02 
-693.70 
-759.79 
0.87 
0.87 
0.88 
0.90 
-5615.07 
795.76 
-1883.02 
-1635.10 
0.82 
0.81 
0.83 
0.84 
1338.82 
478.96 
236.97 
133.82 
0.08 
0.08 
0.08 
0.09 
-31667.82 
-31789.98 
-31151.27 
-27994.03 
0.66 
0.67 
0.64 
0.63 
-30865.01 
-32540.00 
-31544.97 
-28453.82 
1.03 
0.99 
0.94 
0.91 
-1311.79 
-300.00 
-300.00 
-300.00 
0.21 
0.22 
0.24 
0.26 
508.98 
1050.02 
693.70 
759.79 
0.66 
0.95 
0.93 
1.02 
13129.11 
6187.29 
3833.25 
-1604.76 
3.03 
3.18 
3.35 
3.53 
177.22 
500.00 
500.00 
500.00 
20.47 
19.27 
17.99 
16.17 
13430.15 
12000.00 
10000.00 
5000.00 
1.44 
1.33 
1.27 
1.20 
-478.25 
-6312.71 
-6666.75 
-7104.76 
12.35 
11.66 
11.18 
10.49 
357.46 
1500.44 
-723.24 
-376.09 
4.09 
4.05 
3.68 
3.36 
 
 
