 
 
 
 
 

 

 
 
 
 
 
 
 
 
 
报表预测
利润表
2022A
2023A
2024A
2025E
2026E
2027E
        营业收入
57150.95
61263.64
65556.15
71810.43
76178.84
78568.48
  减: 营业成本
50458.73
53130.52
55559.19
58934.93
61647.19
63152.00
        营业税金及附加
770.61
932.05
1088.81
1192.69
1265.24
1304.93
        营业费用
89.34
82.60
83.53
91.50
97.07
100.12
        管理费用
1842.95
1675.89
2015.83
2208.14
2342.47
2415.95
    研发费用
660.45
683.51
730.50
810.41
859.71
886.68
        财务费用
430.66
429.18
339.64
472.08
500.80
516.50
        减值损失
-99.26
-256.29
-586.35
-586.35
-586.35
-586.35
  加: 投资收益
166.44
172.35
181.84
70.00
70.00
70.00
        公允价值变动损益
-36.02
36.10
2.84
0.00
0.00
0.00
        其他经营损益
0.00
0.00
0.00
0.00
0.00
0.00
        营业利润
3127.89
4794.61
6509.68
8240.68
9606.36
10332.30
  加: 其他非经营损益
118.59
23.27
-187.05
-15.06
-15.06
-15.06
        利润总额
3246.48
4817.88
6322.63
8225.62
9591.30
10317.24
  减: 所得税
546.68
688.07
946.38
1874.82
2216.24
2397.72
        净利润
2699.79
4129.82
5376.25
6350.80
7375.06
7919.51
  减: 少数股东损益
384.13
639.39
817.57
1100.00
1300.00
1600.00
        归属母公司股东净利润
2315.67
3490.43
4558.68
4594.45
5418.71
5663.17
资产负债表
2022A
2023A
2024A
2025E
2026E
2027E
        货币资金
9861.74
8319.56
10978.26
10053.46
10665.04
10999.59
        交易性金融资产
0.00
0.00
0.00
0.00
0.00
0.00
        应收和预付款项
1177.89
948.52
1166.58
1367.21
1301.67
1441.57
        其他应收款（合计）
551.37
280.60
616.53
0.00
0.00
0.00
        存货
11621.45
11398.80
10400.62
12723.31
11464.82
13313.75
        其他流动资产
2.78
1.64
1.92
191.58
191.58
191.58
        长期股权投资
895.85
1414.63
1461.08
1531.08
1601.08
1671.08
        金融资产投资
0.00
0.00
0.00
0.00
1.34
4.75
        投资性房地产
22.89
21.04
19.20
13.85
8.51
3.17
        固定资产和在建工程
15945.81
16425.86
16982.39
19643.44
20535.27
21273.24
        无形资产和开发支出
5222.24
10656.13
10926.89
9454.67
7982.44
6510.22
        其他非流动资产
4511.87
4746.27
4962.38
19020.36
19015.10
16426.58
        资产总计
48642.31
52680.24
55638.66
57801.90
55895.70
57549.48
        短期借款
8629.22
8504.98
8284.70
7173.79
3426.05
1570.46
        交易性金融负债
0.00
0.00
0.00
0.00
0.00
0.00
        应付和预收款项
5339.93
5223.61
5749.03
6666.85
6136.97
6881.48
        长期借款
2099.55
5366.12
6453.06
5953.06
4953.06
3953.06
        其他负债
13199.65
11354.46
10864.23
9753.32
6005.58
4149.99
        负债合计
20639.12
21944.20
23066.31
22373.23
17095.61
14984.53
        股本
4847.31
4847.31
4847.31
4847.31
4847.31
4847.31
        资本公积
9175.19
9301.18
9343.70
9343.70
9343.70
9343.70
        留存收益
11852.42
11760.29
13201.83
14958.15
17029.56
19194.43
        归属母公司股东权益
25874.92
25908.78
27392.84
29149.17
31220.58
33385.44
        少数股东权益
2128.27
4827.27
5179.51
6279.51
7579.51
9179.51
        股东权益合计
28003.19
30736.05
32572.35
35428.67
38800.09
42564.95
        负债和股东权益合计
48642.31
52680.24
55638.66
57801.90
55895.70
57549.48
现金流量表
2022A
2023A
2024A
2025E
2026E
2027E
        经营性现金净流量
5677.20
6423.47
7890.18
7496.85
11218.71
9216.24
        投资性现金净流量
-946.87
-1688.22
-2522.15
-3500.54
-2011.30
-2011.30
        筹资性现金净流量
-2453.98
-6108.13
-2689.19
-4921.11
-8595.84
-6870.40
        现金流量净额
2260.22
-1470.52
2677.86
-924.80
611.58
334.55
 
 
