 
 
 
银行 | 证券研究报告 — 调整盈利预测 
2023 年5 月1 日 
  
601939.SH 
增持 
原评级：增持 
市场价格:人民币6.31 
板块评级:强于大市 
 
本报告要点 
 
财务韧性凸显业务强大竞争力 
股价表现 
发行股数 (百万) 
250,010.98
流通股 (百万) 
250,610.98
总市值 (人民币 百万) 
1,577,569.27
3 个月日均交易额 (人民币 百万) 
497.73
主要股东 
中央汇金投资有限责任公司 
57.11
资料来源：公司公告，Wind，中银证券 
以2023 年4 月28 日收市价为标准 
相关研究报告 
《建设银行》20230403 
《建设银行》20220505 
《建设银行》20210829 
中银国际证券股份有限公司 
具备证券投资咨询业务资格 
银行：国有大型银行Ⅱ 
证券分析师：林媛媛 
(86755)82560524 
yuanyuan.lin@bocichina.com 
证券投资咨询业务证书编号：S1300521060001 
联系人：丁黄石 
huangshi.ding@bocichina.com 
一般证券业务证书编号：S1300122030036 
 
建设银行 
  
财务韧性凸显业务强大竞争力 
  
建设银行2023 年1 季度营收同比增长1%，盈利同比增长0.3%，收入、盈
利保持正增长。拆分来看，净利息收入同比下降4.1%，非息收入同比增长
18.7%。第一，相对其他大行，建行在去年4 季度息差降幅更小，息差压力
更多体现今年1 季度，绝对息差水平仍大行最优。第二，手续费高位保持正
增长，1 季度投资相关其他非息同比高增209.0%，非息贡献营收正增长。第
三，规模持续高增速，1 季度存贷款同比分别增长15.1%与14.1%。公司盈
利能力大行最优，在外部环境偏弱，财务表现仍平稳有韧性，凸显公司业务
强大竞争力。公司2023NPB0.52X，2022 年股息率6.16%，估值低股息高，
维持增持评级。 
支撑评级的要点 
 
收入盈利正增长，盈利能力在大行中持续领先 
建设银行1 季度归母净利润同比增长0.26%，ROAE 为12.86%，同比持
平去年同期，盈利能力仍居四大行首位。 
 
1 季度息差压力显现，净息差仍大行最优 
在稳增长让利政策、重定价及存款定期化等叠加影响下，建设银行1 季
度单季净利息收入同比下降4.1%，同比转降，1 季度净息差1.83%，同比
下降32bp。测算季度环比下降10bp，相对其他大行，建行在去年4 季度
息差降幅更小，息差压力更多体现今年1 季度，净息差仍大行最优。 
 
手续费高位保持正增长，其他非息高增长 
1 季度公司手续费同比增长2.6%，四大行中仅低于农行，公司手续费/营
收20.8%，手续费/总资产0.48%，均大行最高水平，高位仍保持正增长，
凸显公司强大的业务竞争力。投资相关其他非息同比增长209%，非息收
入同比增长18.7%，贡献收入正增长。 
 
规模保持高增速 
公司总资产、贷款和存款分别同比增长15.4%、14.1%和15.1%，较去年
增长1.0%、1.4%和3.3%，增速居于国有行第二位，仅低于农业银行。 
 
资产质量基本平稳，拨备少提反哺盈利 
1 季度不良率为1.37%，环比2022 年降1bp，不良余额环比2022 年上升
5.7%，资产减值损失同比下降0.5%，拨备覆盖率241.68%，环比上升
15bp，拨贷比3.32%，环比2022 年下降1bp。 
估值 
 
维持原预测， 2023/2024 年EPS 1.31/1.46 元，目前股价对应2023/2024
年PB 为0.52x/0.46x，维持增持评级。 
评级面临的主要风险 
 
经济下行导致资产质量恶化超预期、金融监管超预期。 
 
投资摘要 
年结日: 12 月31 日 
2021 
2022 
2023E 
2024E 
2025E 
营业收入 
824,246 
822,473 
874,482 
983,647 1,080,719 
变动 (%) 
9.05 
(0.22) 
6.32 
12.48 
9.87 
归母净利润 
302,513 
323,861 
331,396 
369,652 
407,130 
变动 (%) 
11.61 
7.06 
2.33 
11.54 
10.14 
每股收益(元) 
 1.19 
 1.28 
 1.31 
 1.46 
 1.61 
净资产收益率(%) 
12.73 
12.44 
11.50 
11.44 
11.25 
市盈率 (倍) 
 5.30 
 4.93 
 4.82 
 4.31 
 3.91 
市净率 (倍) 
 0.63 
 0.58 
 0.52 
 0.46 
 0.41 
资料来源：公司公告，中银证券预测 
(8%)
(4%)
(0%)
4%
8%
12%
May-22 
Jun-22 
Jul-22 
Aug-22 
Sep-22 
Oct-22 
Nov-22 
Dec-22 
Jan-23 
Feb-23 
Mar-23 
Apr-23 
建设银行 
上证综指 
2023 年5 月1 日 
建设银行 
2 
 
 
图表1. 建设银行2023 年一季报摘要 
 
资料来源：公司公告，中银证券，除百分比外，其他为RMB 百万 
 
累积同比
季度环比
季度同比
1Q22
1Q23
YoY(%)
1Q22
2Q22
3Q22
4Q22
1Q23
QoQ(%)
YoY(%)
返回汇总指标
利润表（百万元）
已重述
已重述
返回目录
利息收入
278,821
300,569
7.8
278,821
286,288
302,516
302,427
300,569
(0.6)
7.8
利息支出
(119,192)
(147,487)
23.7
(119,192)
(128,439)
(137,149)
(142,070)
(147,487)
3.8
23.7
净利息收入
159,629
153,082
(4.1)
159,629
157,849
165,367
160,357
153,082
(4.5)
(4.1)
1,097
     
净手续费收入
41,920
43,017
2.6
41,920
27,750
26,054
21,208
43,017
102.8
2.6
7,425
     
净其他非息收入
3,552
10,977
209.0
3,552
18,141
3,148
10,369
10,977
5.9
209.0
8,522
     
净非利息收入
45,472
53,994
18.7
45,472
45,891
29,202
31,577
53,994
71.0
18.7
营业收入
205,101
207,076
1.0
205,101
203,740
194,569
191,934
207,076
7.9
1.0
税金及附加
(1,492)
(1,557)
4.4
(1,492)
(2,185)
(1,860)
(2,617)
(1,557)
(40.5)
4.4
业务及管理费
(41,975)
(43,141)
2.8
(41,975)
(48,417)
(45,784)
(76,455)
(43,141)
(43.6)
2.8
营业费用及营业税
(43,467)
(44,698)
2.8
(43,467)
(50,602)
(47,644)
(79,072)
(44,698)
(43.5)
2.8
营业外收入及其他费用
(6,331)
(6,144)
(3.0)
(6,331)
(13,158)
(8,001)
(10,512)
(6,144)
(41.6)
(3.0)
拨备前利润
155,303
156,234
0.6
155,303
139,980
138,924
102,350
156,234
52.6
0.6
资产减值损失
(51,812)
(51,529)
(0.5)
(51,812)
(51,563)
(38,202)
(13,441)
(51,529)
283.4
(0.5)
税前利润
103,491
104,705
1.2
103,491
88,417
100,722
88,909
104,705
17.8
1.2
所得税
(16,121)
(15,558)
(3.5)
(16,121)
(14,505)
(15,728)
(12,467)
(15,558)
24.8
(3.5)
税后利润
87,370
89,147
2.0
87,370
73,912
84,994
76,442
89,147
16.6
2.0
归母利润
88,513
88,743
0.3
88,513
资产负债（百万元）
资产端未重述，同行和金融投资变化较大，对2022 年生息资产影响0.24%
较年初(%)
生息资产
31,111,723
36,238,644
16.5
31,111,723
32,822,839
33,392,130
33,939,303
36,238,644
6.8
6.8
贷款总额
19,746,977
22,528,301
14.1
19,746,977
20,388,894
20,918,088
21,199,205
22,528,301
6.3
6.3
计息负债
28,298,641
33,007,967
16.6
28,298,641
29,880,614
30,383,772
30,621,131
33,007,967
7.8
7.8
存款
23,880,522
27,476,786
15.1
23,880,522
24,184,466
24,791,600
25,020,807
27,476,786
9.8
9.8
加权风险资产
18,742,664
21,162,903
12.9
18,742,664
19,010,888
19,055,790
19,767,834
21,162,903
7.1
7.1
净息差
年累计同比
季度环比
单季度指标（年化）
QoQ(bp)
净息差-测算2
2.10
1.75
(0.36)
2.10
1.98
2.00
1.91
1.75
(0.16)
生息资产收益率-测算2
3.68
3.43
(0.25)
3.68
3.58
3.65
3.59
3.43
(0.17)
计息负债成本率-测算2
1.74
1.85
0.12
1.74
1.77
1.82
1.86
1.85
(0.01)
净息差-测算1
2.15
2.03
1.98
1.93
1.83
(0.10)
累计指标（年化）
年累计同比
净息差-公告
2.15
1.83
(0.32)
2.15
2.09
2.05
2.02
1.83
净利差-公告
1.96
1.64
(0.32)
1.96
1.90
1.86
1.82
1.64
净息差-测算2
2.10
1.75
(0.36)
2.10
2.04
2.02
1.99
1.75
生息资产收益率-测算2
3.68
3.43
(0.25)
3.68
3.63
3.64
3.63
3.43
计息负债成本率-测算2
1.74
1.85
0.12
1.74
1.75
1.78
1.80
1.85
规模
年累计同比
季度环比
QoQ(%)
季度环比
总资产
32012252
36941947
15.40
32012252
33689078
34299695
34601917
36941947
6.76
生息资产-期末时点
31111723
36238644
16.48
31111723
32822839
33392130
33939303
36238644
6.77
贷款总额--期末时点
19746977
22528301
14.08
19746977
20388894
20918088
21199205
22528301
6.27
债券投资计息-期末时点
7115082
8206086
15.33
7115082
7637415
7603426
7803796
8206086
5.16
交易类-期末时点
811183
671027
-17.28
811183
788469
794185
736353
671027
(8.87)
计息负债--期末时点
28298641
33007967
16.64
28298641
29880614
30383772
30621131
33007967
7.79
存款--期末时点
23880522
27476786
15.06
23880522
24184466
24791600
25020807
27476786
9.82
规模同比
总资产
8.97
15.40
8.97
12.92
13.82
14.37
15.40
生息资产
9.06
16.48
9.06
13.18
13.67
15.00
16.48
贷款总额
11.75
14.08
11.75
12.59
13.27
12.71
14.08
债券投资
12.96
12.99
12.96
18.20
14.69
12.34
12.99
交易类
4.24
(17.28)
4.24
3.67
16.09
5.45
(17.28)
计息负债
9.45
16.64
9.45
13.61
14.06
14.89
16.64
存款
7.91
15.06
7.91
8.36
10.01
11.81
15.06
结构占比
生息资产/总资产
97.19
98.10
0.91
97.19
97.43
97.35
98.09
98.10
0.01
贷款总额/生息资产
63.47
62.17
(1.30)
61.69
60.52
60.99
61.27
60.98
(0.46)
债券投资/生息资产
22.87
22.64
(0.22)
22.23
22.67
22.17
22.55
22.21
(1.51)
交易类/总资产
2.53
1.82
(0.72)
2.53
2.34
2.32
2.13
1.82
(14.64)
计息负债/生息资产
90.96
91.08
0.13
90.96
91.04
90.99
90.22
91.08
0.96
存款/计息负债
84.39
83.24
(1.14)
84.39
80.94
81.59
81.71
83.24
1.87
贷存比
82.69
81.99
(0.70)
82.69
81.14
81.94
84.04
81.99
(2.44)
手续费
季度环比
年累计
QoQ(%)
手续费
41,920
         
43,017
         
41,920
       
27,750
       
26,054
       
21,208
       
43,017
       
102.83
手续费占比
20.44
20.77
0.33
20.44
13.62
13.39
11.05
20.77
其他非息占比
1.73
5.30
3.57
1.73
8.90
1.62
5.40
5.30
投资收益
1,847
2,436
公允价值
(5,879)
2,352
资产质量和拨备
季度环比
不良贷款率
1.40
1.37
(0.03)
1.40
1.40
1.40
1.38
1.37
(0.01)
不良余额
276,458
309,627
12.00
276,458
285,509
293,136
292,825
309,627
5.74
不良生成率（年累计）
N.A.
N.A.
N.A.
1.66
N.A.
1.49
N.A.
N.A.
单季度测算不良净生成率
0.31
0.80
0.47
0.38
0.42
0.0
测算仅供参考
关注类占比
N.A.
N.A.
N.A.
2.63
N.A.
2.51
N.A.
逾期占比
0.00%
0.00%
0.00
0.97
0.00
1.03
0.00
90天以内逾期贷款增速
0.00%
0.00%
21.59
80.15
相比上一个报告期增速（半年）
逾期/不良
0.00%
0.00%
0.00
69.23
0.00
74.72
0.00
90天以上逾期/不良
0.00%
0.00%
0.00
0.45
0.00
0.45
0.00
年累计核销-公告
N.A.
N.A.
0
23,827
0
51,434
0
信用成本-年累计
N.A.
N.A.
N.A.
0.95
N.A.
0.70
N.A.
资产减值损失/总资产
-0.67
-0.63
-0.45
-0.16
-0.58
拨备覆盖率
246.36
241.68
(4.68)
246.36
244.12
243.95
241.53
241.68
0.15
拨备/贷款总额
3.45
3.32
(0.13)
3.45
3.42
3.42
3.34
3.32
(0.01)
拨备余额
681,081
       
748,307
       
681,081
     
696,984
     
715,105
     
707,251
     
748,307
     
成本和税收
季度环比
年累计
成本收入比(年累计)
20.47
20.83
0.37
成本收入比（单季度）
18.33
23.76
23.53
39.83
20.83
费用增速
(43.57)
有效税率(年累计)
15.53
14.86
有效税率（单季度）
15.53
16.41
15.62
14.02
14.86
资本和盈利能力
季度环比
年累计同比
QoQ(bp)
核心一级资本充足率
13.67
13.19
(0.48)
13.67
13.40
13.86
13.69
13.19
(0.50)
一级资本充足率
14.21
13.86
(0.35)
14.21
13.93
14.60
14.40
13.86
(0.54)
资本充足率
17.91
17.88
(0.03)
17.91
17.95
18.67
18.42
17.88
(0.54)
融资进度
ROAA-公布
1.15
1.15
0.00
1.15
1.06
1.07
1.04
1.15
0.11
ROAE-公布
14.42
14.42
0.00
14.42
13.10
13.15
12.55
14.42
1.87
RORWA-计算
1.90
0.00
(1.90)
1.90
1.74
1.77
1.70
0.00
(1.70)
2023 年5 月1 日 
建设银行 
3 
 
 
  
主要比率（%） 
损益表(人民币 百万元) 
每股指标 (RMB) 
2021 
2022 
2023E 
2024E 
2025E 
利润表 
2021 
2022 
2023E 
2024E 
2025E 
PE 
5.30 
4.93 
4.82 
4.31 
3.91 
利息收入 
1,057,334 
1,169,900 
1,284,043 
1,424,095 
1,570,093 
PB 
0.63 
0.58 
0.52 
0.46 
0.41 
利息支出 
(451,914) 
(526,836) 
(598,785) 
(642,616) 
(705,482) 
PB 扣除商誉 
 
 
 
 
 
净利息收入 
605,420 
643,064 
685,258 
781,479 
864,611 
EPS 
1.19 
1.28 
1.31 
1.46 
1.61 
手续费净收入 
121,492 
116,085 
119,568 
125,546 
131,823 
BVPS 
9.95 
10.87 
12.19 
13.66 
15.29 
营业收入 
824,246 
822,473 
874,482 
983,647 
1,080,719 
 
 
 
 
 
业务及管理费 
(209,864) 
(213,219) 
(226,702) 
(255,002) 
(280,167) 
每股拨备前利润 
2.19 
2.15 
2.29 
2.61 
2.89 
拨备前利润 
547,127 
537,035 
573,442 
652,034 
721,623 
驱动性因素(%) 
 
 
 
 
 
拨备 
(168,715) 
(155,018) 
(179,769) 
(212,916) 
(237,984) 
生息资产增长 
7.62 
14.80 
10.84 
10.32 
9.76 
税前利润 
378,412 
382,017 
393,673 
439,118 
483,639 
贷款增长 
12.04 
12.71 
12.00 
11.00 
10.00 
税后利润 
303,928 
323,166 
330,685 
368,859 
406,257 
存款增长 
8.56 
11.81 
11.50 
10.50 
9.50 
归属母公司净利 
302,513 
323,861 
331,396 
369,652 
407,130 
贷款收益率 
4.31 
4.23 
4.19 
4.19 
4.19 
资产负债表 
 
 
 
 
 
生息资产收益率 
3.65 
3.62 
3.53 
3.54 
3.55 
贷款总额 
18,807,830 21,199,205 23,743,110 26,354,852 28,990,337 
存款付息率 
1.67 
1.70 
1.71 
1.70 
1.70 
贷款减值准备 
(637,338) 
(704,088) 
(719,729) 
(743,059) 
(790,188) 
计息负债付息率 
1.76 
1.84 
1.86 
1.80 
1.80 
贷款净额 
18,170,492 20,495,117 23,023,381 25,611,792 28,200,149 
净息差 
2.09 
1.99 
1.88 
1.94 
1.95 
债券投资 
7,641,919 
8,540,149 
9,543,957 10,665,752 11,919,403 
风险成本 
0.95 
0.77 
0.80 
0.85 
0.86 
存放央行 
2,715,279 
3,111,762 
3,469,615 
3,833,924 
4,198,147 
净手续费增速 
5.12 
6.22 
6.56 
14.04 
10.64 
同业资产 
892,347 
1,655,903 
1,490,313 
1,341,281 
1,207,153 
成本收入比 
25.46 
25.92 
25.92 
25.92 
25.92 
其他资产 
833,942 
798,986 
732,239 
743,388 
783,904 
所得税税率 
19.68 
15.41 
16.00 
16.00 
16.00 
生息资产 
30,057,375 34,507,019 38,246,994 42,195,809 46,315,040 
盈利及杜邦分析(%) 
 
 
 
 
 
资产总额 
30,253,979 34,601,917 38,259,504 42,196,138 46,308,756 
ROAA 
1.04 
1.00 
0.91 
0.92 
0.92 
 
 
 
 
 
ROAE 
12.73 
12.44 
11.50 
11.44 
11.25 
存款 
22,378,814 25,020,807 27,898,200 30,827,511 33,756,124 
净利息收入 
2.07 
1.98 
1.88 
1.94 
1.95 
同业负债 
2,951,134 
3,953,454 
4,348,799 
4,783,679 
5,262,047 
非净利息收入 
0.75 
0.55 
0.52 
0.50 
0.49 
发行债券 
1,323,377 
1,646,870 
1,646,870 
1,729,214 
1,902,135 
营业收入 
2.82 
2.54 
2.40 
2.45 
2.44 
计息负债 
26,653,325 30,621,131 33,893,869 37,340,404 40,920,306 
营业支出 
0.75 
0.68 
0.65 
0.66 
0.66 
负债总额 
27,639,857 31,723,157 35,113,678 38,684,250 42,392,990 
拨备前利润 
1.87 
1.66 
1.57 
1.62 
1.63 
 
 
 
 
 
拨备 
0.58 
0.48 
0.49 
0.53 
0.54 
股本 
250,011 
250,011 
250,011 
250,011 
250,011 
税前利润 
1.30 
1.18 
1.08 
1.09 
1.09 
资本公积 
134,925 
135,653 
135,653 
135,653 
135,653 
税收 
0.26 
0.18 
0.17 
0.17 
0.17 
盈余公积 
305,571 
337,527 
370,596 
407,481 
448,107 
业绩年增长率(%) 
 
 
 
 
 
一般风险准备 
381,621 
444,786 
475,921 
509,235 
544,882 
净利息收入 
5.12 
6.22 
6.56 
14.04 
10.64 
未分配利润 
1,394,797 
1,527,995 
1,794,477 
2,093,135 
2,423,120 
营业收入 
9.05 
(0.22) 
6.32 
12.48 
9.87 
股东权益 
2,614,122 
2,878,760 
3,145,826 
3,511,888 
3,915,766 
拨备前利润 
3.91 
(1.84) 
6.78 
13.71 
10.67 
 
 
 
 
 
归属母公司利润 
11.61 
7.06 
2.33 
11.54 
10.14 
资本状况(%) 
 
 
 
 
 
资产质量(%) 
 
 
 
 
 
资本充足率 
17.85 
18.42 
19.04 
19.91 
20.74 
不良率 
1.41 
1.38 
1.42 
1.27 
1.21 
核心一级资本 
13.59 
13.69 
13.99 
14.61 
15.23 
拨备覆盖率 
239.54 
240.45 
213.44 
221.94 
224.56 
杠杆率 
11.57 
12.02 
12.16 
12.02 
11.83 
拨贷比 
3.39 
3.32 
3.03 
2.82 
2.73 
RORWA 
1.65 
1.61 
1.53 
1.60 
1.64 
不良净生成率（测算）
1.43 
1.49 
0.90 
0.70 
0.70 
风险加权系数 
63.53 
60.28 
58.33 
56.59 
55.18 
资料来源：公司公告，中银证券预测 
资料来源：公司公告，中银证券预测 
 
2023 年5 月1 日 
建设银行 
4 
 
 
披露声明 
本报告准确表述了证券分析师的个人观点。该证券分析师声明，本人未在公司内、外部机构兼任有损本人独立性与客
观性的其他职务，没有担任本报告评论的上市公司的董事、监事或高级管理人员；也不拥有与该上市公司有关的任何
财务权益；本报告评论的上市公司或其它第三方都没有或没有承诺向本人提供与本报告有关的任何补偿或其它利益。 
中银国际证券股份有限公司同时声明，将通过公司网站披露本公司授权公众媒体及其他机构刊载或者转发证券研究报
告有关情况。如有投资者于未经授权的公众媒体看到或从其他机构获得本研究报告的，请慎重使用所获得的研究报告，
以防止被误导，中银国际证券股份有限公司不对其报告理解和使用承担任何责任。 
评级体系说明 
以报告发布日后公司股价/行业指数涨跌幅相对同期相关市场指数的涨跌幅的表现为基准： 
公司投资评级： 
买    入：预计该公司股价在未来6-12 个月内超越基准指数20%以上； 
增    持：预计该公司股价在未来6-12 个月内超越基准指数10%-20%； 
中    性：预计该公司股价在未来6-12 个月内相对基准指数变动幅度在-10%-10%之间； 
减    持：预计该公司股价在未来6-12 个月内相对基准指数跌幅在10%以上； 
未有评级：因无法获取必要的资料或者其他原因，未能给出明确的投资评级。 
 
行业投资评级： 
强于大市：预计该行业指数在未来6-12 个月内表现强于基准指数； 
中    性：预计该行业指数在未来6-12 个月内表现基本与基准指数持平； 
弱于大市：预计该行业指数在未来6-12 个月内表现弱于基准指数； 
未有评级：因无法获取必要的资料或者其他原因，未能给出明确的投资评级。 
 
沪深市场基准指数为沪深300 指数；新三板市场基准指数为三板成指或三板做市指数；香港市场基准指数为恒生指数
或恒生中国企业指数；美股市场基准指数为纳斯达克综合指数或标普500 指数。 
 
 
 
 
风险提示及免责声明 
本报告由中银国际证券股份有限公司证券分析师撰写并向特定客户发布。 
本报告发布的特定客户包括：1) 基金、保险、QFII、QDII 等能够充分理解证券研究报告，
具备专业信息处理能力的中银国际证券股份有限公司的机构客户；2) 中银国际证券股份有
限公司的证券投资顾问服务团队，其可参考使用本报告。中银国际证券股份有限公司的证券
投资顾问服务团队可能以本报告为基础，整合形成证券投资顾问服务建议或产品，提供给接
受其证券投资顾问服务的客户。 
中银国际证券股份有限公司不以任何方式或渠道向除上述特定客户外的公司个人客户提供
本报告。中银国际证券股份有限公司的个人客户从任何外部渠道获得本报告的，亦不应直接
依据所获得的研究报告作出投资决策；需充分咨询证券投资顾问意见，独立作出投资决策。
中银国际证券股份有限公司不承担由此产生的任何责任及损失等。 
本报告内含保密信息，仅供收件人使用。阁下作为收件人，不得出于任何目的直接或间接复
制、派发或转发此报告全部或部分内容予任何其他人，或将此报告全部或部分内容发表。如
发现本研究报告被私自刊载或转发的，中银国际证券股份有限公司将及时采取维权措施，追
究有关媒体或者机构的责任。所有本报告内使用的商标、服务标记及标记均为中银国际证券
股份有限公司或其附属及关联公司（统称“中银国际集团”）的商标、服务标记、注册商标或
注册服务标记。 
本报告及其所载的任何信息、材料或内容只提供给阁下作参考之用，并未考虑到任何特别的
投资目的、财务状况或特殊需要，不能成为或被视为出售或购买或认购证券或其它金融票据
的要约或邀请，亦不构成任何合约或承诺的基础。中银国际证券股份有限公司不能确保本报
告中提及的投资产品适合任何特定投资者。本报告的内容不构成对任何人的投资建议，阁下
不会因为收到本报告而成为中银国际集团的客户。阁下收到或阅读本报告须在承诺购买任何
报告中所指之投资产品之前，就该投资产品的适合性，包括阁下的特殊投资目的、财务状况
及其特别需要寻求阁下相关投资顾问的意见。 
尽管本报告所载资料的来源及观点都是中银国际证券股份有限公司及其证券分析师从相信
可靠的来源取得或达到，但撰写本报告的证券分析师或中银国际集团的任何成员及其董事、
高管、员工或其他任何个人（包括其关联方）都不能保证它们的准确性或完整性。除非法律
或规则规定必须承担的责任外，中银国际集团任何成员不对使用本报告的材料而引致的损失
负任何责任。本报告对其中所包含的或讨论的信息或意见的准确性、完整性或公平性不作任
何明示或暗示的声明或保证。阁下不应单纯依靠本报告而取代个人的独立判断。本报告仅反
映证券分析师在撰写本报告时的设想、见解及分析方法。中银国际集团成员可发布其它与本
报告所载资料不一致及有不同结论的报告，亦有可能采取与本报告观点不同的投资策略。为
免生疑问，本报告所载的观点并不代表中银国际集团成员的立场。 
本报告可能附载其它网站的地址或超级链接。对于本报告可能涉及到中银国际集团本身网站
以外的资料，中银国际集团未有参阅有关网站，也不对它们的内容负责。提供这些地址或超
级链接（包括连接到中银国际集团网站的地址及超级链接）的目的，纯粹为了阁下的方便及
参考，连结网站的内容不构成本报告的任何部份。阁下须承担浏览这些网站的风险。 
本报告所载的资料、意见及推测仅基于现状，不构成任何保证，可随时更改，毋须提前通知。
本报告不构成投资、法律、会计或税务建议或保证任何投资或策略适用于阁下个别情况。本
报告不能作为阁下私人投资的建议。 
过往的表现不能被视作将来表现的指示或保证，也不能代表或对将来表现做出任何明示或暗
示的保障。本报告所载的资料、意见及预测只是反映证券分析师在本报告所载日期的判断，
可随时更改。本报告中涉及证券或金融工具的价格、价值及收入可能出现上升或下跌。 
部分投资可能不会轻易变现，可能在出售或变现投资时存在难度。同样，阁下获得有关投资
的价值或风险的可靠信息也存在困难。本报告中包含或涉及的投资及服务可能未必适合阁下。
如上所述，阁下须在做出任何投资决策之前，包括买卖本报告涉及的任何证券，寻求阁下相
关投资顾问的意见。 
中银国际证券股份有限公司及其附属及关联公司版权所有。保留一切权利。 
中银国际证券股份有限公司 
中国上海浦东 
银城中路200 号 
中银大厦39 楼 
邮编200121 
电话: (8621) 6860 4866 
传真: (8621) 5888 3554 
 
 
 
相关关联机构： 
 
中银国际研究有限公司 
香港花园道一号 
中银大厦二十楼 
电话:(852) 3988 6333 
致电香港免费电话: 
中国网通10 省市客户请拨打：10800 8521065 
中国电信21 省市客户请拨打：10800 1521065 
新加坡客户请拨打：800 852 3392 
传真:(852) 2147 9513 
 
中银国际证券有限公司 
香港花园道一号 
中银大厦二十楼 
电话:(852) 3988 6333 
传真:(852) 2147 9513 
 
中银国际控股有限公司北京代表处 
中国北京市西城区 
西单北大街110 号8 层 
邮编:100032 
电话: (8610) 8326 2000 
传真: (8610) 8326 2291 
 
中银国际(英国)有限公司 
2/F, 1 Lothbury 
London EC2R 7DB 
United Kingdom 
电话: (4420) 3651 8888 
传真: (4420) 3651 8877 
 
中银国际(美国)有限公司 
美国纽约市美国大道1045 号 
7 Bryant Park 15 楼 
NY 10018 
电话: (1) 212 259 0888 
传真: (1) 212 259 0889 
 
中银国际(新加坡)有限公司 
注册编号 199303046Z 
新加坡百得利路四号 
中国银行大厦四楼(049908) 
电话: (65) 6692 6829 / 6534 5587 
传真: (65) 6534 3996 / 6532 3371 
