一、一体化组件龙头，业绩持续高速增长  4
1深耕光伏行业十八载，管理架构稳定  4
2业绩稳步增长，费用管控得当  5
3研发投入持续增加，产品性能业内领先  8
二、光伏组件行业高景气，一体化头部企业持续受益  11
1组件是光伏系统中的重要环节，需求随光伏装机高增  11
2大尺寸、叠片、双面助力降本增效，核心技术路线逐渐明晰  14
3一体化降本持续，组件行业集中度不断提升  17
三、一体化构筑成本优势，品牌渠道力持续提升  20
1产能扩张加速，一体化布局构筑成本优势  20
2先发布局全球化，渠道网络遍布全球  22
3公司品牌优势明显，全球认可度较高  23
四、盈利预测与投资建议  25
五、风险提示  27
 4
 5
 6
 6
 6
 7
 7
 7
 7
 8
 8
 8
 8
 9
 9
 10
 10
 11
 11
 11
 12
 12
 13
 13
 14
 15
 15
 16
 16
 17
 17
 17
 18
 18
 18
 18
 19
 20
 21
 22
 22
 23
 24
 5
 9
 13
 19
 20
 21
 25
 26
 28
27% 26% 38%
无融资性价值没听说