 
- 1 - 
敬请参阅最后一页特别声明 
 
 
 
 
 
市场价格（人民币）： 16.42 元 
长期竞争力评级：高于行业均值 
市场数据(人民币) 
年内股价最高最低(元) 
17.79/12.09 
沪深300 指数 
3659.68 
 
 
 
 
相关报告 
1.《钛白粉年内第五次提价，龙头企业受益
于一体化产业链进一步提高盈... 》，
2017 4 25
2.《行业景气度持续提升，二季度预计继续
增长-龙蟒佰利公司点评》，2017.4.21 
3.《一季度业绩超过预期 钛白粉行业景气度
持续提升-龙蟒佰利公司点...》，2017.4.18 
4.《化工行业龙头系列深度报告（一）：
布局一体化产业链，打造全
球》2017 4 7
 
蒲强 
分析师 SAC 执业编号：S1130516090001 
puqiang@gjzq.com.cn 
郭一凡 
分析师 SAC 执业编号：S1130517050005 
(8621)60230247 
guoyf@gjzq.com.cn 
霍堃 
 
陈铖 
联系人 
huokun@gjzq.com.cn 
联系人 
chencheng2@gjzq.com.cn 
 
氯化法产品涨价，行业龙头优势显著 
 
公司基本情况(人民币) 
项目 
2015 
2016 
2017E 
2018E 
2019E 
摊薄每股收益(元) 
0.422 
0.194 
1.375 
1.770 
2.632 
每股净资产(元) 
11.24 
6.07 
1.36 
-2.87 
-6.24 
每股经营性现金流(元) 
-2.75 
0.21 
1.99 
2.10 
3.40 
市盈率(倍) 
92.41 
65.33 
12.45 
9.67 
6.50 
行业优化市盈率(倍) 
23.45 
23.45 
23.45 
23.45 
23.45 
净利润增长率(%) 
67.76% 
356.94% 
609.46% 
28.72% 
48.75% 
净资产收益率(%) 
3.75% 
3.19% 
101.19% 
-61.62% 
-42.19% 
总股本(百万股) 
204.42 
2,032.16 
2,032.16 
2,032.16 
2,032.16 
来源：公司年报、国金证券研究所 
 
事件 
 
7 月5 日下午，公司对外发布调价函：因近期市场情况，公司氯化法钛白粉
产品订单充足，库存较低，供应紧张。公司价格委员会决定自即日起，氯化
法钛白粉产品销售价格在原价基础上对国内各类客户上调300 元人民币/
吨，对国际各类客户上调50 美元/吨。 
经营分析 
 
公司是行业龙头企业，氯化法技术领先：公司钛白粉产能高达56 万吨（其中
硫酸法50 万吨，氯化法6 万吨），是亚洲第一、全球第四的龙头企业。全国4
家氯化法钛白粉企业的产量合计为10.54 万吨，占全行业总产量的4.1%。公司
在在已经建成6 万吨氯化法生产线基础上，预留了新的生产线建设用地。 
 
氯化法性价比优势显现，高端产品进口替代空间大：氯化法钛白粉是国际公
认的新一代先进技术，目前钛白粉中60%为氯化法产品，但主要集中在欧美
发达国家。氯化法生产的钛白粉产品产量和质量稳步提升，得到国际行业大
客户认可。国内氯化法钛白粉具有价格优势，未来会进一步扩大氯化法产能
占比。 
 
钛精矿价格下滑，龙头企业受影响较小：二季度钛精矿价格下滑，国内钛白
粉行业出现大小企业的盈利能力分化的情况，龙头企业产品价格并未受到影
响。我们认为一方面由于龙头企业议价能力较强，具有较大的市场影响力；
另一方面海外需求支撑了钛白粉价格的稳定性。 
 
硫酸法钛白粉未来仍有提价空间：硫酸法钛白粉价格已经沉寂了一段时间，
我们认为接下来可能会有一到两次提价，主要原因有：1.行业产能仍然可能
会受环保高压政策的影响；2.八月之后将进入钛白粉需求旺季，将为钛白粉
提价来带有力支撑。 
投资建议 
 
在钛白粉供需格局逐步改善的驱使下，公司作为钛白粉行业的龙头企业，将
充分受益于行业的景气度持续提升。我们预计公司2017-19 年的EPS 为1.41
元、1.56 元、1.61 元，对应当前股价的PE 分别为11.64 倍、10.53 倍、
10.19 倍。 
 
风险提示 
海外经济复苏低于预期，环保管控力度低于预期 
0
500
1,000
1,500
2,000
12.09
14.63
17.17
160705
161005
170105
170405
170705
人民币(元) 
成交金额(百万元) 
成交金额 
龙蟒佰利 
国金行业 
沪深300 
 
2017 年07 月05 日 
龙蟒佰利 (002601.SZ)      化学原料行业 
评级：增持      上调评级   
公司点评 
证券研究报告 
用使司公限有理管金基银瑞投国供仅告报此
此报告仅供国投瑞银基金管理有限公司使用
公司点评 
- 2 - 
敬请参阅最后一页特别声明 
 
 
图表1：财务数据与盈利预测 
来源：wind，国金证券研究所 
 
 
 
 
损益表（人民币百万元）
资产负债表（人民币百万元）
2 0 1 4
2 0 1 5
2 0 1 6
2 0 1 7 E
2 0 1 8 E
2 0 1 9 E
2 0 1 4
2 0 1 5
2 0 1 6
2 0 1 7 E
2 0 1 8 E
2 0 1 9 E
主营业务收入
2 ,0 5 1
2 ,6 3 5
4 ,1 3 6
9 ,0 5 0
9 ,6 7 0
9 ,9 3 0
货币资金
4 9 8
5 6 3
1 ,3 0 3
2 ,6 2 5
1 ,6 0 0
1 ,8 0 0
    增长率
2 8 .4 %
5 7 .0 %
1 1 8 .8 %
6 .9 %
2 .7 %
应收款项
4 3 1
7 0 5
1 ,6 7 8
2 ,1 8 2
2 ,3 5 8
2 ,4 2 1
主营业务成本
-1 ,6 8 2
-2 ,1 4 9
-2 ,9 1 6
-4 ,3 5 0
-4 ,5 4 3
-4 ,5 6 6
存货
4 5 5
6 1 5
1 ,2 8 1
9 5 3
1 ,1 2 0
1 ,0 0 1
    % 销售收入
8 2 .0 %
8 1 .6 %
7 0 .5 %
4 8 .1 %
4 7 .0 %
4 6 .0 %
其他流动资产
2 7 3
2 3 8
3 2 0
2 1 8
2 2 8
2 2 9
毛利
3 7 0
4 8 6
1 ,2 2 0
4 ,7 0 1
5 ,1 2 7
5 ,3 6 4
流动资产
1 ,6 5 7
2 ,1 2 0
4 ,5 8 2
5 ,9 7 9
5 ,3 0 6
5 ,4 5 1
    % 销售收入
1 8 .0 %
1 8 .4 %
2 9 .5 %
5 1 .9 %
5 3 .0 %
5 4 .0 %
    % 总资产
3 5 .7 %
3 6 .8 %
2 5 .4 %
4 0 .6 %
3 6 .8 %
3 6 .5 %
营业税金及附加
-8
-6
-4 5
-1 4
-1 5
-1 5
长期投资
8 0
5 0
5 8
6 9
6 9
6 9
    % 销售收入
0 .4 %
0 .2 %
1 .1 %
0 .2 %
0 .2 %
0 .2 %
固定资产
2 ,6 9 1
3 ,4 0 6
6 ,9 5 2
7 ,2 2 9
7 ,6 3 8
8 ,0 1 2
营业费用
-9 5
-1 1 0
-1 8 0
-4 0 7
-4 8 4
-4 9 7
    % 总资产
5 8 .0 %
5 9 .1 %
3 8 .5 %
4 9 .1 %
5 2 .9 %
5 3 .6 %
    % 销售收入
4 .6 %
4 .2 %
4 .3 %
4 .5 %
5 .0 %
5 .0 %
无形资产
1 4 6
1 5 1
6 ,3 2 7
1 ,4 2 7
1 ,4 0 9
1 ,3 9 1
管理费用
-1 5 9
-2 0 0
-3 6 7
-8 1 5
-8 7 0
-8 9 4
非流动资产
2 ,9 8 6
3 ,6 4 1
1 3 ,4 6 7
8 ,7 3 6
9 ,1 2 7
9 ,4 8 3
    % 销售收入
7 .8 %
7 .6 %
8 .9 %
9 .0 %
9 .0 %
9 .0 %
    % 总资产
6 4 .3 %
6 3 .2 %
7 4 .6 %
5 9 .4 %
6 3 .2 %
6 3 .5 %
息税前利润（E B IT ）
1 0 7
1 7 0
6 2 7
3 ,4 6 5
3 ,7 5 9
3 ,9 5 9
资产总计
4 ,6 4 2
5 ,7 6 1
1 8 ,0 4 9
1 4 ,7 1 5
1 4 ,4 3 3
1 4 ,9 3 4
    % 销售收入
5 .2 %
6 .4 %
1 5 .2 %
3 8 .3 %
3 8 .9 %
3 9 .9 %
短期借款
1 ,2 3 0
1 ,6 3 0
1 ,9 5 8
0
5 8 6
1 ,7 6 4
财务费用
-4 3
-5 9
-9 6
-7 3
-2 6
-9 3
应付款项
1 ,0 0 9
1 ,1 6 6
1 ,6 6 7
2 ,4 1 4
2 ,4 1 7
2 ,4 3 8
    % 销售收入
2 .1 %
2 .2 %
2 .3 %
0 .8 %
0 .3 %
0 .9 %
其他流动负债
2 2
3 4 4
2 9 2
1 1 2
1 1 9
2 0 0
资产减值损失
-1 5
-1 0
-3 2
-1 2
1 2
0
流动负债
2 ,2 6 1
3 ,1 4 0
3 ,9 1 7
2 ,5 2 6
3 ,1 2 3
4 ,4 0 2
公允价值变动收益
0
0
0
-1 5
-1 5
-1 5
长期贷款
1 0 7
2 5 0
7 3 2
7 3 2
7 3 2
7 3 3
投资收益
2
1
2
0
0
0
其他长期负债
1 0
1 3
6 5 8
9 1
9 7
9 9
    % 税前利润
3 .1 %
0 .5 %
0 .4 %
0 .0 %
0 .0 %
0 .0 %
负债
2 ,3 7 7
3 ,4 0 3
5 ,3 0 7
3 ,3 4 9
3 ,9 5 2
5 ,2 3 5
营业利润
5 0
1 0 1
5 0 1
3 ,3 6 5
3 ,7 3 0
3 ,8 5 2
普通股股东权益
2 ,2 1 3
2 ,2 9 8
1 2 ,3 4 0
1 0 ,9 5 9
1 0 ,0 6 9
9 ,2 8 2
  营业利润率
2 .5 %
3 .8 %
1 2 .1 %
3 7 .2 %
3 8 .6 %
3 8 .8 %
少数股东权益
5 2
6 0
4 0 2
4 0 7
4 1 2
4 1 7
营业外收支
1 1
1 0
-9
1 0
1 0
1 0
负债股东权益合计
4 ,6 4 2
5 ,7 6 1
1 8 ,0 4 9
1 4 ,7 1 5
1 4 ,4 3 3
1 4 ,9 3 4
税前利润
6 2
1 1 0
4 9 2
3 ,3 7 5
3 ,7 4 0
3 ,8 6 2
    利润率
3 .0 %
4 .2 %
1 1 .9 %
3 7 .3 %
3 8 .7 %
3 8 .9 %
比率分析
所得税
-9
-1 7
-8 1
-5 0 6
-5 6 1
-5 7 9
2 0 1 4
2 0 1 5
2 0 1 6
2 0 1 7 E
2 0 1 8 E
2 0 1 9 E
  所得税率
1 4 .6 %
1 5 .1 %
1 6 .5 %
1 5 .0 %
1 5 .0 %
1 5 .0 %
每股指标
净利润
5 3
9 4
4 1 1
2 ,8 6 8
3 ,1 7 9
3 ,2 8 2
每股收益
0 .2 6 9
0 .4 2 2
0 .1 9 4
1 .4 0 9
1 .5 6 2
1 .6 1 3
少数股东损益
1
8
1 7
5
5
5
每股净资产
1 1 .5 9 7
1 1 .2 4 2
6 .0 7 2
5 .3 9 3
4 .9 5 5
4 .5 6 7
归属于母公司的净利
5 1
8 6
3 9 4
2 ,8 6 3
3 ,1 7 4
3 ,2 7 7
每股经营现金净流
0 .1 0 7
-2 .7 5 3
0 .2 1 2
1 .9 3 2
1 .6 9 2
2 .0 3 1
    净利率
2 .5 %
3 .3 %
9 .5 %
3 1 .6 %
3 2 .8 %
3 3 .0 %
每股股利
4 .3 7 4
4 .3 7 4
6 .1 7 1
2 .0 0 0
2 .0 0 0
2 .0 0 0
回报率
现金流量表（人民币百万元）
净资产收益率
2 .3 2 %
3 .7 5 %
3 .1 9 %
2 6 .1 3 %
3 1 .5 2 %
3 5 .3 1 %
2 0 1 4
2 0 1 5
2 0 1 6
2 0 1 7 E
2 0 1 8 E
2 0 1 9 E
总资产收益率
1 .1 1 %
1 .5 0 %
2 .1 8 %
1 9 .4 6 %
2 1 .9 9 %
2 1 .9 5 %
净利润
6 4
1 1 9
4 5 9
2 ,8 6 8
3 ,1 7 9
3 ,2 8 2
投入资本收益率
2 .5 4 %
3 .4 0 %
3 .3 5 %
2 4 .3 5 %
2 7 .0 8 %
2 7 .5 9 %
非现金支出
1 3 9
1 8 7
4 5 0
4 9 7
5 0 7
5 5 4
增长率
非经营收益
3 2
5 6
1 0 1
-2 1
7 5
1 3 3
主营业务收入增长率
1 9 .0 9 %
2 8 .4 3 %
5 6 .9 8 %
1 1 8 .8 3 %
6 .8 5 %
2 .6 9 %
营运资金变动
-2 1 5
-9 2 4
-5 8 0
5 8 2
-3 2 3
1 5 9
E B IT 增长率
2 4 7 .0 3 %
5 8 .0 1 %
2 7 0 .0 2 %
4 5 2 .2 8 %
8 .4 7 %
5 .3 3 %
经营活动现金净流
2 0
-5 6 3
4 3 0
3 ,9 2 7
3 ,4 3 8
4 ,1 2 8
净利润增长率
1 1 7 .9 0 %
6 7 .7 6 %
3 5 6 .9 4 %
6 2 7 .1 1 %
1 0 .8 5 %
3 .2 6 %
资本开支
-4 6 4
-3 2 4
-1 9 1
4 ,1 9 4
-9 0 0
-9 0 0
总资产增长率
2 9 .8 6 %
2 4 .1 0 %
2 1 3 .2 9 %
-1 8 .4 7 %
-1 .9 2 %
3 .4 7 %
投资
-2 4
-5
-8 ,6 1 5
-1 1
0
0
资产管理能力
其他
1 5
-1 0
2 0
-1 5
-1 5
-1 5
应收账款周转天数
4 9 .3
4 4 .7
5 1 .2
5 0 .0
5 0 .0
5 0 .0
投资活动现金净流
-4 7 4
-3 3 9
-8 ,7 8 7
4 ,1 6 8
-9 1 5
-9 1 5
存货周转天数
8 8 .0
9 0 .8
1 1 8 .7
8 0 .0
9 0 .0
8 0 .0
股权募资
5 3
1 5 6
1 0 ,0 0 9
0
0
0
应付账款周转天数
5 4 .6
6 4 .6
8 5 .8
6 0 .0
6 0 .0
6 0 .0
债权募资
4 8 1
8 1 8
-3 3 5
-2 ,4 0 2
5 8 6
1 ,1 7 9
固定资产周转天数
2 3 0 .5
2 6 7 .8
5 5 3 .0
2 5 4 .5
2 3 8 .5
2 3 1 .3
其他
-8 0
2 7
-7 2 2
-4 ,3 7 1
-4 ,1 3 4
-4 ,1 9 2
偿债能力
筹资活动现金净流
4 5 4
1 ,0 0 2
8 ,9 5 2
-6 ,7 7 3
-3 ,5 4 8
-3 ,0 1 3
净负债/ 股东权益
3 7 .0 6 %
5 5 .8 7 %
1 0 .8 8 %
-1 6 .6 5 %
-2 .6 8 %
7 .1 9 %
E B IT 利息保障倍数
2 .5
2 .9
6 .5
4 7 .2
1 4 3 .0
4 2 .7
现金净流量
1
1 0 0
5 9 5
1 ,3 2 2
-1 ,0 2 5
2 0 0
资产负债率
5 1 .2 1 %
5 9 .0 7 %
2 9 .4 0 %
2 2 .7 6 %
2 7 .3 8 %
3 5 .0 6 %
公司点评 
- 3 - 
敬请参阅最后一页特别声明 
 
 
市场中相关报告评级比率分析 
日期 
一周内 
一月内 
二月内 
三月内 
六月内 
买入 
0 
0 
0 
0 
12 
增持 
0 
0 
0 
0 
6 
中性 
0 
0 
0 
0 
0 
减持 
0 
0 
0 
0 
0 
评分 
0.00 
0.00 
0.00 
0.00 
1.33 
来源：朝阳永续 
市场中相关报告评级比率分析说明： 
市场中相关报告投资建议为“买入”得1 分，为
“增持”得2 分，为“中性”得3 分，为“减持”得4
分，之后平均计算得出最终评分，作为市场平均投资建
议的参考。 
最终评分与平均投资建议对照： 
1.00  =买入； 1.01~2.0=增持 ； 2.01~3.0=中性 
3.01~4.0=减持 
 
历史推荐和目标定价(人民币) 
序号 
日期 
评级 
市价 
目标价 
1 
2017-04-07 
增持 
17.79 20.00～22.00 
2 
2017-04-18 
增持 
16.85 
N/A 
3 
2017-04-21 
增持 
17.19 
N/A 
4 
2017-04-25 
减持 
16.09 
N/A 
 
 
 
 
 
 
 
 
 
 
 
 
 
 
 
 
 
 
 
 
来源：国金证券研究所 
 
 
 
 
长期竞争力评级的说明： 
长期竞争力评级着重于企业基本面，评判未来两年后公司综合竞争力与所属行业上市公司均值比较结果。 
 
 
优化市盈率计算的说明： 
行业优化市盈率中，在扣除行业内所有亏损股票后，过往年度计算方法为当年年末收盘总市值与当年股 
票净利润总和相除，预期年度为报告提供日前一交易日收盘总市值与前一年度股票净利润总和相除。 
 
 
投资评级的说明： 
买入：预期未来6－12 个月内上涨幅度在15%以上； 
增持：预期未来6－12 个月内上涨幅度在5%－15%； 
中性：预期未来6－12 个月内变动幅度在 -5%－5%； 
减持：预期未来6－12 个月内下跌幅度在5%以上。 
 
0
200
400
600
800
1,000
1,200
5.94
10.66
15.38
20.10
24.82
29.54
34.26
150706
151006
160106
160406
160706
161006
170106
170406
成交量 
人民币(元) 
历史推荐与股价 
公司点评 
- 4 - 
敬请参阅最后一页特别声明 
 
 
  
上海 
北京 
深圳 
电话：021-60753903 
传真：021-61038200 
邮箱：researchsh@gjzq.com.cn 
邮编：201204 
地址：上海浦东新区芳甸路1088 号 
           紫竹国际大厦7 楼 
电话：010-66216979 
传真：010-66216793 
邮箱：researchbj@gjzq.com.cn 
邮编：100053 
地址：中国北京西城区长椿街3 号4 层 
电话：0755-83831378 
传真：0755-83830558 
邮箱：researchsz@gjzq.com.cn 
邮编：518000 
地址：中国深圳福田区深南大道4001 号 
           时代金融中心7BD 
 
 
特别声明：  
国金证券股份有限公司经中国证券监督管理委员会批准，已具备证券投资咨询业务资格。 
本报告版权归“国金证券股份有限公司”（以下简称“国金证券”）所有，未经事先书面授权，本报告的任何部分均
不得以任何方式制作任何形式的拷贝，或再次分发给任何其他人，或以任何侵犯本公司版权的其他方式使用。经过
书面授权的引用、刊发，需注明出处为“国金证券股份有限公司”，且不得对本报告进行任何有悖原意的删节和修
改。 
本报告的产生基于国金证券及其研究人员认为可信的公开资料或实地调研资料，但国金证券及其研究人员对这
些信息的准确性和完整性不作任何保证，对由于该等问题产生的一切责任，国金证券不作出任何担保。且本报告中
的资料、意见、预测均反映报告初次公开发布时的判断，在不作事先通知的情况下，可能会随时调整。 
客户应当考虑到国金证券存在可能影响本报告客观性的利益冲突，而不应视本报告为作出投资决策的唯一因
素。本报告亦非作为或被视为出售或购买证券或其他投资标的邀请。 
证券研究报告是用于服务机构投资者和投资顾问的专业产品，使用时必须经专业人士进行解读。国金证券建议
客户应考虑本报告的任何意见或建议是否符合其特定状况，以及（若有必要）咨询独立投资顾问。报告本身、报告
中的信息或所表达意见也不构成投资、法律、会计或税务的最终操作建议，国金证券不就报告中的内容对最终操作
建议做出任何担保。 
在法律允许的情况下，国金证券的关联机构可能会持有报告中涉及的公司所发行的证券并进行交易，并可能为
这些公司正在提供或争取提供多种金融服务。 
本报告反映编写分析员的不同设想、见解及分析方法，故本报告所载观点可能与其他类似研究报告的观点及市
场实际情况不一致，且收件人亦不会因为收到本报告而成为国金证券的客户。 
本报告仅供国金证券股份有限公司的机构客户使用；非国金证券客户擅自使用国金证券研究报告进行投资，遭
受任何损失，国金证券不承担相关法律责任。 
此报告仅限于中国大陆使用。 
