 
⚫ 
⚫ 
⚫ 
⚫ 



 

 
 
 
 
⚫ 
⚫ 
 
 
24062.14 
28093.59 
33494.20 
33056.37 
23343.09 
28232.68 
34590.22 
42825.09 
3387.38 
4819.22 
5424.30 
-737.54 
13391.17 
15948.87 
19445.97 
23780.21 
14666.45 
15873.32 
19567.63 
23620.76 
143.95 
211.75 
255.97 
312.62 
321.17 
465.18 
546.19 
657.02 
4083.42 
5067.77 
6195.11 
7699.95 
605.91 
551.98 
745.27 
936.79 
1455.41 
1911.35 
2417.86 
3066.28 
2846.52 
3494.79 
4054.33 
4906.27 
134.76 
-35.60 
-51.86 
-65.09 
2234.71 
2889.10 
3156.48 
3673.08 
-107.07 
-98.40 
-100.20 
-99.56 
17416.76 
17133.52 
16270.81 
17067.63 
-21.92 
0.00 
0.00 
0.00 
1539.05 
1684.35 
1844.65 
1979.15 
92.97 
95.99 
190.25 
248.39 
5037.42 
5503.15 
5522.10 
5558.40 
282.38 
719.92 
1228.44 
1887.87 
2916.65 
2335.91 
1834.22 
2566.59 
39.45 
15.30 
15.67 
16.00 
7923.64 
7610.11 
7069.84 
6963.49 
92.73 
12.30 
12.46 
13.12 
41478.90 
45227.11 
49765.02 
50124.00 
229.09 
722.92 
1231.65 
1890.75 
15359.05 
18591.47 
22102.97 
26182.89 
-277.94 
-175.67 
-203.22 
-190.97 
309.66 
363.96 
431.86 
399.56 
507.03 
898.59 
1434.88 
2081.72 
6162.02 
7373.92 
8914.24 
10946.14 
-53.13 
-50.41 
-57.54 
-70.78 
8887.37 
10853.59 
12756.87 
14837.19 
560.16 
949.00 
1492.41 
2152.50 
7404.98 
7413.06 
7618.26 
2700.68 
2771.73 
3510.63 
3909.18 
3105.54 
4672.98 
4742.38 
4867.28 
0.00 
0.24 
0.41 
0.65 
0.93 
2732.00 
2670.68 
2750.98 
2700.68 
22764.03 
26004.53 
29721.23 
28883.56 
921.49 
871.08 
813.54 
742.76 
18.79%
20.95%
22.52%
23.81%
17793.39 
18351.49 
19230.25 
20497.68 
-34.22%
154.95%
70.64%
53.68%
41478.90 
45227.11 
49765.02 
50124.00 
-14.78%
69.42%
57.26%
44.23%
42.63%
43.51%
43.78%
44.47%
2.40%
3.36%
4.31%
5.03%
2495.17 
3941.34 
2617.91 
1485.68 
3.15%
5.17%
7.76%
10.50%
507.03 
898.59 
1434.88 
2081.72 
3.34%
3.22%
4.97%
8.41%
2385.31 
2823.30 
2729.39 
1279.88 
54.88%
57.50%
59.72%
57.62%
72.57 
5.05 
5.97 
0.00 
18.79%
13.09%
10.90%
15.99%
-92.97 
-95.99 
-190.25 
-248.39 
1.57 
1.51 
1.52 
1.26 
-1169.51 
-582.17 
-2275.64 
-2611.76 
1.24 
1.18 
1.19 
0.94 
792.74 
892.56 
913.57 
984.23 
0.59 
0.65 
0.73 
0.86 
-3305.27 
-2464.77 
-1666.31 
-1812.58 
1.74 
1.85 
1.95 
1.98 
-3215.03 
-2397.12 
-1873.17 
-1892.57 
2.38 
2.36 
2.39 
2.39 
-162.63 
-57.32 
59.82 
-122.30 
0.24 
0.41 
0.65 
0.93 
72.38 
-10.34 
147.05 
202.30 
1.08 
1.70 
1.13 
0.64 
538.59 
-46.22 
-346.53 
-5834.95 
7.70 
7.94 
8.32 
8.87 
66.93 
54.30 
67.90 
-32.30 
186.49 
110.08 
70.00 
48.53 
118.29 
69.40 
124.90 
-4867.28 
5.87 
5.69 
5.43 
5.10 
353.37 
-169.92 
-539.33 
-935.37 
41.57 
30.47 
27.28 
34.73 
-272.06 
1431.84 
605.08 
-6161.85 
4.48 
3.70 
3.02 
2.44 
 
 
