 
 
 
 
 
 
 
6094.08 
6460.84 
6921.60 
7447.53 
6.43 
6.02 
7.13 
7.60 
129.88 
142.40 
161.55 
182.37 
13.58 
9.63 
13.45 
12.88 
13.23 
12.42 
12.75 
12.84 
0.75 
0.83 
0.94 
1.06 
6.37 
5.81 
5.12 
4.53 

 

 


 
 
 
 
 
4577.20 
4569.35 
4713.37 
4954.36 
6094.08 
6460.84 
6921.60 
7447.53 
974.96 
631.50 
623.80 
541.54 
5282.33 
5658.41 
6039.32 
6491.08 
1062.95 
1136.25 
1214.32 
1306.73 
21.37 
23.29 
24.83 
26.66 
295.89 
387.09 
378.34 
412.64 
14.08 
15.74 
16.47 
17.78 
346.73 
365.71 
391.67 
421.38 
183.38 
189.67 
204.79 
220.46 
169.46 
407.97 
316.34 
360.73 
103.91 
115.66 
131.61 
134.22 
1727.22 
1640.83 
1788.90 
1911.33 
-5.70 
-0.30 
-0.28 
-0.28 
6960.55 
7462.33 
7952.93 
8438.78 
0.04 
0.00 
0.00 
0.00 
429.88 
493.96 
558.51 
635.67 
8.26 
8.07 
9.21 
9.74 
1287.58 
1340.66 
1383.22 
1413.48 
208.00 
238.59 
267.30 
301.62 
2676.88 
2853.00 
3006.90 
3142.31 
3.42 
0.00 
0.00 
0.00 
2566.20 
2774.71 
3004.31 
3247.32 
2.26 
0.00 
0.00 
0.00 
11537.75 
12031.68 
12666.30 
13393.14 
209.16 
238.59 
267.30 
301.62 
5441.59 
5740.05 
6156.12 
6636.33 
37.31 
43.93 
48.75 
54.99 
326.20 
408.32 
503.20 
592.80 
171.85 
194.65 
218.55 
246.63 
2291.29 
2291.17 
2491.72 
2684.69 
41.97 
52.26 
56.99 
64.27 
2824.11 
3040.56 
3161.21 
3358.84 
129.88 
142.40 
161.55 
182.37 
3499.65 
3499.65 
3499.65 
3499.65 
493.77 
520.59 
572.46 
610.17 
3152.06 
3152.06 
3152.06 
3152.06 
0.75 
0.83 
0.94 
1.06 
347.59 
347.59 
347.59 
347.59 
8941.25 
9239.70 
9655.78 
10135.98 
990.70 
1042.95 
1099.95 
1164.22 
6.43% 
6.02% 
7.13% 
7.60% 
1605.80 
1749.03 
1910.58 
2092.94 
9.16% 
14.71% 
12.03% 
12.84% 
11537.75 
12031.68 
12666.30 
13393.14 
13.58% 
9.63% 
13.45% 
12.88% 
13.23% 
12.42% 
12.75% 
12.84% 
2.13% 
2.20% 
2.33% 
2.45% 
222.65 
384.29 
705.83 
633.92 
8.09% 
8.14% 
8.46% 
8.71% 
171.85 
194.65 
218.55 
246.63 
3.84% 
4.22% 
4.55% 
4.75% 
186.82 
166.34 
173.55 
174.33 
77.50% 
76.79% 
76.23% 
75.68% 
112.54 
154.66 
156.87 
159.17 
115.68% 
122.82% 
117.31% 
113.71% 
-8.26 
-8.07 
-9.21 
-9.74 
0.84 
0.80 
0.77 
0.75 
-303.29 
-119.28 
169.48 
67.36 
0.47 
0.41 
0.40 
0.38 
62.98 
-4.01 
-3.40 
-3.83 
0.55 
0.55 
0.56 
0.57 
-809.26 
-656.04 
-651.54 
-646.60 
5.89 
5.88 
5.89 
5.91 
-711.76 
-593.71 
-591.70 
-571.60 
2.48 
2.47 
2.53 
2.51 
-120.33 
-70.40 
-69.06 
-84.74 
0.75 
0.83 
0.94 
1.06 
22.82 
8.07 
9.21 
9.74 
1.29 
2.23 
4.10 
3.68 
541.35 
-72.53 
-61.99 
-69.58 
9.32 
10.15 
11.09 
12.15 
88.71 
82.12 
94.88 
89.60 
6.37 
5.81 
5.12 
4.53 
293.52 
0.00 
0.00 
0.00 
0.51 
0.47 
0.43 
0.40 
159.12 
-154.66 
-156.87 
-159.17 
7.79 
8.18 
7.61 
7.42 
-44.44 
-343.46 
-7.70 
-82.26 
0.14 
0.13 
0.12 
0.11 
 
 
