 
—— 2025 上半年业绩点评
 
 
 
 
 
 
维持 
刘来珍

 

 
 
 
 
 · 食品饮料行业
 
 
36010.99 37399.72 39967.68 42865.01 
8569.68 9016.12 9717.33 10212.15 
5932.89 6357.95 6794.51 7287.05 
3726.36 4113.97 4396.44 4715.15 
1447.35 1421.19 1518.77 1628.87 
-9.77 
-11.27 
-11.99 
-14.29 
-2.14 
0.00 
0.00 
0.00 
0.00 
0.00 
0.00 
0.00 
324.11 
350.00 
350.00 
350.00 
16538.58 16702.16 17742.74 19214.62 
3.96 
0.00 
0.00 
0.00 
13.70 
0.00 
0.00 
0.00 
16528.84 16702.16 17742.74 19214.62 
4275.75 4342.55 
4613.11 4995.43 
12253.09 12359.61 13129.63 14219.19 
10.21 
10.00 
10.00 
10.00 
12242.88 12349.61 13119.63 14209.19 
16788.98 16590.41 17634.06 19107.20 
10.04 
10.12 
10.75 
11.65 
 · 食品饮料行业
 
 
