 
 
1 
 
 
 
◆ 
◆ 
◆ 
◆ 
◆ 
◆ 
 
 
 
◆ 
利润表（百万元）
2021A
2022E
2023E
2024E
营业收入
5213.54
6762.91
8745.87
11372.02
营业成本
2942.88
3445.37
4502.28
5910.41
营业税金及附加
22.54
26.75
34.88
45.86
销售费用
129.40
169.07
234.39
328.65
管理费用
547.48
676.29
918.32
1194.06
财务费用
-216.36
18.94
24.50
31.85
资产减值损失
-12.92
-22.00
11.20
-8.60
投资收益
312.28
100.00
100.00
100.00
公允价值变动损益
1815.39
1815.39
1815.39
1815.39
其他经营损益
0.00
0.00
0.00
0.00
营业利润
3696.97
4313.88
4885.70
5735.17
其他非经营损益
-12.40
-11.42
-11.38
-11.56
利润总额
3684.57
4302.46
4874.32
5723.61
所得税
292.86
407.57
435.22
507.01
净利润
3391.70
3894.90
4439.09
5216.60
少数股东损益
517.54
564.81
649.46
766.43
归属母公司股东净利润
2874.16
3330.09
3789.63
4450.17
资产负债表（百万元）
2021A
2022E
2023E
2024E
货币资金
8544.36
11873.31
15883.87
20491.52
应收和预付款项
926.29
1500.25
1770.84
2328.48
存货
6.10
7.26
9.96
12.73
其他流动资产
1375.06
107.54
130.52
160.94
长期股权投资
738.80
738.80
738.80
738.80
投资性房地产
0.00
0.00
0.00
0.00
固定资产和在建工程
655.13
597.44
532.72
468.16
无形资产和开发支出
2029.58
2006.70
1983.81
1960.92
其他非流动资产
9465.86
9458.82
9451.78
9444.74
资产总计
23741.17
26290.11
30502.30
35606.29
短期借款
492.32
96.00
86.00
72.00
应付和预收款项
684.88
958.60
1178.48
1550.37
长期借款
0.00
0.00
0.00
0.00
其他负债
1958.77
1009.32
1070.64
1166.97
负债合计
3135.97
2063.92
2335.12
2789.33
股本
872.44
872.44
872.44
872.44
资本公积
11886.63
11886.63
11886.63
11886.63
留存收益
6088.11
8988.29
12279.83
16163.16
归属母公司股东权益
18123.63
21179.81
24471.34
28354.68
少数股东权益
2481.57
3046.38
3695.84
4462.28
股东权益合计
20605.20
24226.19
28167.18
32816.95
负债和股东权益合计
23741.17
26290.11
30502.30
35606.29
现金流量表（百万元）
2021A
2022E
2023E
2024E
净利润
3391.70
3894.90
4439.09
5216.60
折旧与摊销
122.55
87.77
94.64
94.64
财务费用
-216.36
18.94
24.50
31.85
资产减值损失
-12.92
-22.00
11.20
-8.60
经营营运资本变动
-187.28
306.96
-15.07
-122.62
其他
-1673.90
-1893.39
-1926.59
-1906.79
经营活动现金流净额
1423.80
2393.18
2627.77
3305.09
资本支出
-778.05
-0.15
0.00
-0.15
其他
-2004.63
1915.39
1915.39
1915.39
投资活动现金流净额
-2782.68
1915.24
1915.39
1915.24
短期借款
492.32
-396.32
-10.00
-14.00
长期借款
0.00
0.00
0.00
0.00
股权融资
-111.65
0.00
0.00
0.00
支付股利
-261.72
-429.90
-498.09
-566.83
其他
-282.04
-153.25
-24.50
-31.85
筹资活动现金流净额
-163.09
-979.47
-532.59
-612.68
现金流量净额
-1581.55
3328.95
4010.56
4607.64
