 
 
公司点评报告 · 电子行业
⚫ 
2024
2025
2024
33.47
YoY+28.0%
5.00
YoY+78.2%
2025Q1
7.9
YoY+8.3%
QoQ-12.5%
0.6
YoY+9.9%
 
⚫ 
2024
28%
+78.2%
1.9pcts
51.5%
2024Q4
102.7%
51.5%
+1.9pcts
2024
8.7
YoY+18.14%
74.09%
15.06%
2024
5900
+700
34
+2
⚫ 
25Q1
49.1%
-
3.4pcts
Q1
49%
24Q4
25Q1
 
⚫ 
GaN/SiC
25%
AI
D
ADC
2025
25%
400
⚫ 
⚫ 

 

 


 
 
 
 
36.91 
43.56 
54.38 
67.89 
33.47 
41.24 
50.15 
63.45 
8.15 
21.06 
26.76 
42.70 
16.24 
19.75 
23.75 
29.75 
2.33 
1.65 
3.73 
3.10 
0.13 
0.20 
0.23 
0.28 
0.12 
0.10 
0.21 
0.18 
2.34 
2.89 
3.51 
4.44 
0.05 
0.06 
0.07 
0.09 
1.06 
1.65 
2.26 
2.86 
11.65 
5.90 
8.33 
6.04 
-0.35 
0.00 
0.00 
0.00 
14.61 
14.78 
15.28 
15.78 
-1.31 
-1.10 
-0.50 
0.00 
20.81 
21.11 
21.85 
22.26 
0.11 
0.00 
0.00 
0.00 
5.08 
5.71 
6.40 
7.08 
0.31 
0.32 
0.35 
0.51 
5.46 
5.57 
6.09 
6.25 
4.85 
6.65 
8.98 
12.28 
0.65 
0.79 
0.95 
1.10 
0.00 
0.00 
0.00 
0.00 
9.61 
9.04 
8.41 
7.83 
0.00 
0.00 
0.00 
0.00 
57.71 
64.66 
76.23 
90.15 
4.85 
6.65 
8.98 
12.28 
8.69 
9.77 
12.12 
13.59 
-0.06 
-0.02 
-0.23 
-0.17 
0.37 
0.55 
0.73 
0.98 
4.91 
6.67 
9.21 
12.45 
3.16 
3.42 
4.49 
3.77 
-0.09 
-0.17 
-0.26 
-0.30 
5.16 
5.80 
6.89 
8.84 
5.00 
6.84 
9.47 
12.75 
3.03 
3.03 
3.03 
3.03 
5.75 
8.45 
10.28 
13.04 
0.34 
0.34 
0.34 
0.34 
1.06 
1.44 
2.00 
2.69 
2.69 
2.69 
2.69 
2.69 
11.72 
12.80 
15.15 
16.62 
-0.10 
-0.27 
-0.53 
-0.83 
27.96% 
23.22% 
21.61% 
26.52% 
46.09 
52.93 
62.40 
75.15 
102.99% 37.09% 
35.05% 
36.75% 
57.71 
65.46 
77.02 
90.94 
78.17% 
36.65% 
38.56% 
34.61% 
51.46% 
52.12% 
52.65% 
53.12% 
14.95% 
16.58% 
18.89% 
20.09% 
5.49 
14.73 
7.55 
17.37 
10.85% 
12.92% 
15.18% 
16.97% 
4.91 
6.67 
9.21 
12.45 
8.77% 
13.79% 
14.76% 
15.66% 
1.68 
1.04 
1.17 
1.31 
20.31% 
19.79% 
19.87% 
18.43% 
-0.04 
0.00 
0.00 
0.00 
-15.44% -37.66% -40.97% -55.23% 
-0.31 
-0.32 
-0.35 
-0.51 
4.25  
4.46  
4.49  
5.00  
-1.87 
6.27 
-2.96 
4.16 
2.81  
3.85  
3.79  
4.54  
1.12 
1.09 
0.48 
-0.04 
0.58  
0.64  
0.66  
0.70  
-12.64 
-2.00 
-2.04 
-1.67 
14.38  
25.02  
13.45  
20.47  
-2.40 
-0.70 
-1.19 
-1.01 
10.59  
12.05  
11.16  
16.83  
-0.77 
-1.62 
-1.20 
-1.17 
1.06  
1.44  
2.00  
2.69  
-9.46 
0.32 
0.35 
0.51 
1.16  
3.11  
1.59  
3.67  
2.14 
0.18 
0.18 
0.24 
9.73  
11.17  
13.17  
15.86  
0.37 
0.18 
0.18 
0.24 
95.57  
69.94  
50.48  
37.50  
0.34 
0.00 
0.00 
0.00 
10.37  
9.03  
7.66  
6.36  
1.43 
0.00 
0.00 
0.00 
— 
— 
— 
— 
-4.90 
12.91 
5.70 
15.94 
14.28  
11.59  
9.53  
7.54  
 
 
