 
- 1 - 
敬请参阅最后一页特别声明 
 
 
 
 
 
 
市场价格（ 人民币）： 24.24 元 
  
市场数据(人民币) 
 
总股本(亿股) 
66.04
已上市流通A 股(亿股) 
65.23
总市值(亿元) 
1,600.71
年内股价最高最低(元) 
40.31/24.24
沪深300 指数 
3631
深证成指 
10750
 
  
相关报告 
1.《深耕中小企业，盈利来源多元化-
《宁波银行公司深度》》，2022.10.10 
 
 
 
  
  
戚星 
联系人 
qixing＠gjzq.com.cn 
赵伟 
分析师 SAC 执业编号：S1130521120002 
zhaow＠gjzq.com.cn 
 
 
盈利增速稳健，资产质量保持优异  
 
公司基本情况(人民币) 
项目 
2020A
2021A
2022E
2023E
2024E
营业收入(百万元) 
41,111 
52,774 
64,466 
77,603 
94,009 
营业收入增长率（%） 
17.19 
28.37 
22.15 
20.38 
21.14 
归母净利润(百万元) 
15,050 
19,546 
23,895 
28,664 
34,321 
归母净利润增长率（%） 
9.74 
29.87 
22.25 
19.96 
19.73 
ROA（%） 
1.03 
1.08 
1.08 
1.07 
1.08 
ROE（%） 
13.78 
14.58 
14.97 
15.83 
16.61 
每股收益（元） 
2.43 
3.13 
3.50 
4.23 
5.08 
P/B 
2.05 
1.88 
1.36 
1.19 
1.03 
来源：公司年报，国金证券研究所
 
业绩摘要 
2022 年前三季度，宁波银行营收和归母净利润分别为447.92 亿元和171.91 亿
元，同比分别增长15.21%和31.82%。年化ROE 16.16%，同比减少1.14 个百
分点。 
经营分析 
公司贷款和票据高速增长。贷款总额/公司贷款/票据/个人贷款分别为10231.51
亿
/5389.63
亿
/1106.16
亿
/3735.72
亿
，
较
上
年
末
增
长
18.06%/16.04%/69.87%/12.14%。公司持续加大实体支持力度。定期存款增速
高于活期。报告期末，公司存款总额达12521.72 亿元，较上年末增长18.93%。
公司存款增速高于零售。 
净息差下行。报告期内，公司净息差为1.99%，较上年末降低0.22 个百分点。
但公司贷款平均期限较短，调整较快，预计净息差将企稳。 
非利息收入占比提升。报告期内，公司非利息收入175.49 亿元，同比增长
21.82%，占比39.18%，同比提升2.13 个百分点。 
拨备覆盖率稳定，资本充足率环比增加。报告期内，核销55.34 亿元，超过
2021 年全年37.27 亿元。不良率0.77%，同比下降0.01 个百分点，环比持平。
拨备覆盖率520.22%，同比上升4.92 个百分点，环比下降1.55 个百分点。资本
充足，报告期末，资本充足率/一级资本充足率/核心一级资本充足率分别为
16.21%/10.95%/9.96%，环比增加1.5%/0.07%/0.09%。 
投资建议 
预计2022-2024 年归母净利润分别为238.95/286.64/343.21 亿元，同比增长
22.25%/19.96%/19.73%，对应EPS 分别为3.50/4.23/5.08 元。维持“买入”评
级。 
风险提示 
宏观经济超预期收缩，国内疫情反复，贷款质量超预期恶化。 
0
500
1000
1500
2000
2500
24.24
28.57
32.9
37.23
211027
220127
220427
220727
221027
人民币(元)
成交金额(百万元)
成交金额
宁波银行
沪深300
2022 年10 月27 日 
金融组 
宁波银行 (002142.SZ)   买入（维持评级） 
公司点评
证券研究报告
公司点评 
- 2 - 
敬请参阅最后一页特别声明 
图表1：Q3 单季营收和净利润增速稳健 
来源：wind，国金证券研究所 
百万/%
3Q22
1H22
2021
2020
2019
2018
3Q22单季
2Q22单季
1Q22单季
营业收入
44,792
29,412
52,774
41,111
35,081
28,930
15,380
14,149
15,263
增速（%）
15.2
17.6
28.4
17.2
21.3
14.3
11.0
20.0
15.4
——利息净收入
27,243
17,303
32,697
27,859
19,564
19,120
9,940
7,809
9,494
增速（%）
11.3
8.3
17.4
42.4
2.3
16.7
17.1
3.4
12.6
营收占比（%）
60.8
58.8
62.0
67.8
55.8
66.1
64.6
55.2
62.2
——手续费及佣金净收入
5,193
3,544
8,262
6,342
7,784
5,794
1,649
1,735
1,809
增速（%）
(7.9)
5.0
30.3
(18.5)
34.3
(1.8)
(27.2)
9.7
0.9
营收占比（%）
11.6
12.0
15.7
15.4
22.2
20.0
10.7
12.3
11.9
——投资收益
8,997
7,143
12,531
9,180
6,541
5,073
1,854
3,552
3,591
增速（%）
4.5
39.6
36.5
40.4
28.9
51.7
(46.9)
21.3
64.1
营收占比（%）
20.1
24.3
23.7
22.3
18.6
17.5
12.1
25.1
23.5
——其他收益
3,359
1,422
(716)
(2,270)
1,193
(1,057)
1,937
1,053
369
增速（%）
2,012.6
160.4
68.5
(290.2)
212.9
(231.0)
600.5
492.9
(54.7)
营收占比（%）
7.5
4.8
(1.4)
(5.5)
3.4
(3.7)
12.6
7.4
2.4
营业支出
25,866
17,113
32,296
24,611
19,792
17,384
8,753
7,756
9,357
增速（%）
7.5
12.9
31.2
24.3
13.8
14.9
(1.8)
10.1
15.4
——税金及附加
345
238
413
332
257
200
107
124
114
增速（%）
10.2
19.0
24.4
29.0
28.6
(19.1)
(5.3)
11.7
28.1
营收占比（%）
0.8
0.8
0.8
0.8
0.7
0.7
0.7
0.9
0.7
——业务及管理费
15,570
9,995
19,500
15,609
12,038
9,964
5,575
5,006
4,989
增速（%）
14.6
16.3
24.9
29.7
20.8
13.7
11.5
23.4
10.0
营收占比（%）
34.8
34.0
37.0
38.0
34.3
34.4
36.2
35.4
32.7
——信用减值损失
9,946
6,877
12,354
8,667
7,461
7,207
3,069
2,625
4,252
增速（%）
(1.9)
8.5
42.5
16.2
3.5
18.0
(19.3)
(8.2)
22.2
营收占比（%）
22.2
23.4
23.4
21.1
21.3
24.9
20.0
18.6
27.9
——其他业务成本
5.00
3.00
29.00
3.00
35.51
13.09
2.00
1.00
2.00
增速（%）
(76.2)
(85.7)
866.7
(91.6)
171.3
7.0
(94.4)
(33.3)
营收占比（%）
0.0
0.0
0.1
0.0
0.1
0.0
0.0
0.0
营业利润
18,926
12,299
20,478
16,500
15,290
11,546
6,627
6,393
5,906
增速（%）
27.8
24.6
24.1
7.9
32.4
13.4
34.0
34.6
15.4
营收占比（%）
42.3
41.8
38.8
40.1
43.6
39.9
43.1
45.2
38.7
利润总额
18,872
12,281
20,445
16,455
15,218
11,498
6,591
6,382
5,899
增速（%）
27.4
24.2
24.2
8.1
32.4
13.1
33.6
34.4
14.9
营收占比（%）
42.1
41.8
38.7
40.0
43.4
39.7
42.9
45.1
38.6
净利润
17,220
11,279
19,609
15,136
13,791
11,221
5,941
5,562
5,717
增速（%）
20.0
18.0
29.6
9.8
22.9
19.9
24.1
15.4
20.6
营收占比（%）
38.4
38.3
37.2
36.8
39.3
38.8
38.6
39.3
37.5
公司点评 
- 3 - 
敬请参阅最后一页特别声明 
图表2：报告期内，对公贷款和票据高速增长 
来源：wind，国金证券研究所 
百万/%
3Q22
1H22
2021
2020
2019
2018
2017
2016
对公贷款
538,963
533,104
464,462
369,881
304,985
247,077
216,404
186,305
yoy（%）
20.8
25.7
25.6
21.3
23.4
14.2
16.2
31.3
%贷款总额
52.7
53.9
53.8
53.8
57.6
57.6
62.5
61.6
——公司贷款
518,316
450,818
363,069
298,810
242,302
212,157
182,534
yoy（%）
25.1
24.2
21.5
23.3
14.2
16.2
32.6
%贷款总额
52.4
52.3
52.8
56.5
56.5
61.3
60.3
——批发公司贷款
310,800
284,700
247,800
214,400
189,120
168,600
147,800
yoy（%）
15.0
14.9
15.6
13.4
12.2
14.1
27.7
%贷款总额
31.4
33.0
36.0
40.5
44.1
48.7
48.9
——零售公司贷款
157,200
139,200
108,500
79,500
56,900
45,200
33,000
yoy（%）
19.9
28.3
36.5
39.7
25.9
37.0
50.5
%贷款总额
15.9
16.1
15.8
15.0
13.3
13.1
10.9
——贸易融资
14,788
13,644
6,812
6,175
4,775
4,248
3,771
yoy（%）
52.9
100.3
10.3
29.3
12.4
12.6
(10.7)
%贷款总额
1.5
1.6
1.0
1.2
1.1
1.2
1.2
票据贴现
110,616
100,893
65,119
56,181
44,419
44,943
24,132
20,324
yoy（%）
67.7
110.1
15.9
26.5
(1.2)
86.2
18.7
(29.0)
%贷款总额
10.8
10.2
7.5
8.2
8.4
10.5
7.0
6.7
个人贷款和垫款
373,572
355,484
333,128
261,653
179,698
137,066
105,664
95,878
yoy（%）
15.2
24.2
27.3
45.6
31.1
29.7
10.2
12.5
%贷款总额
36.5
35.9
38.6
38.0
34.0
31.9
30.5
31.7
——个人消费贷款
233,622
219,847
178,378
141,872
114,975
87,301
86,407
yoy（%）
17.7
23.2
25.7
23.4
31.7
1.0
7.6
%贷款总额
23.6
25.5
25.9
26.8
26.8
25.2
28.6
——个人经营贷款
76,881
75,968
60,013
35,036
20,843
17,237
8,175
yoy（%）
0.2
26.6
71.3
68.1
20.9
110.9
139.2
%贷款总额
7.8
8.8
8.7
6.6
4.9
5.0
2.7
——个人住房贷款
44,981
37,313
23,262
2,790
1,248
1,126
1,295
yoy（%）
32.3
60.4
733.8
123.6
10.8
(13.1)
(13.8)
%贷款总额
4.5
4.3
3.4
0.5
0.3
0.3
0.4
贷款总额
1,023,151
989,481
862,709
687,715
529,102
429,087
346,201
302,507
yoy（%）
22.3
34.4
25.4
30.0
23.3
23.9
14.4
18.3
公司点评 
- 4 - 
敬请参阅最后一页特别声明 
图表3：公司存款高速增长 
来源：wind，国金证券研究所 
图表4：资产质量稳定 
来源：wind，国金证券研究所 
百万/%
3Q22
1H22
2021
2020
2019
2018
2017
2016
公司存款总额
1,012,123
1,009,351
838,993
723,795
612,379
523,855
459,395
411,121
yoy（%）
21.8
23.2
15.9
18.2
16.9
14.0
11.7
49.6
%存款总额
80.8
80.8
79.7
78.2
79.4
81.0
81.3
80.4
——批发公司存款
821,000
694,100
606,200
517,000
439,900
383,300
347,200
yoy（%）
21.0
14.5
17.3
17.5
14.8
10.4
45.2
%存款总额
65.7
65.9
65.5
67.0
68.0
67.8
67.9
——活期存款
360,500
291,400
251,400
246,845
212,313
yoy（%）
23.7
15.9
1.8
16.3
64.4
%存款总额
39.0
37.8
38.9
43.7
41.5
——定期存款
245,700
225,600
188,500
136,455
134,887
yoy（%）
8.9
19.7
38.1
1.2
22.6
%存款总额
26.6
29.2
29.1
24.1
26.4
——零售公司存款
188,400
144,900
116,800
92,400
73,000
59,100
47,600
yoy（%）
32.7
24.1
26.4
26.6
23.5
24.2
30.4
%存款总额
15.1
13.8
12.6
12.0
11.3
10.5
9.3
——活期存款
61,600
46,600
39,000
31,400
25,400
yoy（%）
32.2
19.5
24.2
23.6
46.8
%存款总额
6.7
6.0
6.0
5.6
5.0
——定期存款
55,200
45,800
34,000
27,700
22,200
yoy（%）
20.5
34.7
22.7
24.8
15.6
%存款总额
6.0
5.9
5.3
4.9
4.3
个人存款总额
240,049
240,404
213,894
201,379
159,142
122,867
105,859
100,284
yoy（%）
10.6
7.0
6.2
26.5
29.5
16.1
5.6
24.1
%存款总额
19.2
19.2
20.3
21.8
20.6
19.0
18.7
19.6
——个人活期存款
80,556
73,357
53,029
44,826
36,891
32,640
28,816
yoy（%）
(7.4)
38.3
18.3
21.5
13.0
13.3
14.2
%存款总额
6.4
7.0
5.7
5.8
5.7
5.8
5.6
——个人定期存款
159,848
140,537
148,350
114,316
85,976
73,218
71,469
yoy（%）
16.2
(5.3)
29.8
33.0
17.4
2.4
28.5
%存款总额
12.8
13.3
16.0
14.8
13.3
13.0
14.0
总额
1,252,172
1,249,755
1,052,887
925,174
771,521
646,721
565,254
511,405
yoy（%）
19.5
19.7
13.8
19.9
19.3
14.4
10.5
43.8
0.68
0.76
0.89
0.89
0.92
0.91
0.82
0.78
0.78
0.79
0.77
0.77
240.7
275.4
254.9
285.2
308.7
351.4
493.3
521.8
524.1
505.6
525.5
520.22
100
350
600
0
1
2
2011
2012
2013
2014
2015
2016
2017
2018
2019
2020
2021
3Q22
不良率（%，左轴）
拨备覆盖率（%，右轴）
公司点评 
- 5 - 
敬请参阅最后一页特别声明 
图表5： 净息差边际下降 
来源：wind，国金证券研究所 
图表6：资本充足率边际提高 
来源：wind，国金证券研究所 
 
3.23
3.48
3.05
2.51
2.38
1.95
1.94
1.97
1.84
2.30
2.21
1.99
1
2
3
4
2011
2012
2013
2014
2015
2016
2017
2018
2019
2020
2021
3Q22
净息差（%）
5
10
15
20
5
10
15
20
2013
2014
2015
2016
2017
2018
2019
2020
2021
3Q22
核心一级资本充足率（%）
资本充足率（%）
一级资本充足率（%）
公司点评 
- 6 - 
敬请参阅最后一页特别声明 
图表7：可比公司估值 
来源：wind，国金证券研究所 
 
 
 
 
 
 
 
 
 
 
 
 
2022/10/26 2022/10/26 2022/10/26
2022/10/26
2022/10/26
2022/10/26
2017/12/31
2018/12/31
2019/12/31
2020/12/31
2021/12/31
均值
BPS_LF
EPS_NTM
当前股价
周度涨跌幅月度涨跌幅年度涨跌幅
PE_NTM 致预期增速（% PEG_NTM
PB_MRQ
工商银行
14.24
13.69
12.98
11.88
12.06
12.97
9.35
1.21
4.28
(2.30)
(2.30)
(2.29)
3.53
5.41
0.65
0.52
建设银行
14.72
14.05
13.19
12.16
12.56
13.34
10.73
1.43
5.45
(2.17)
(1.81)
(1.70)
3.81
6.59
0.58
0.53
农业银行
14.55
13.63
12.40
11.38
11.57
12.71
7.22
0.92
2.83
(2.10)
(2.10)
2.54
3.09
7.24
0.43
0.47
中国银行
12.07
11.97
11.38
10.61
11.24
11.45
8.30
0.95
3.04
(1.30)
(1.94)
6.61
3.20
5.94
0.54
0.46
邮储银行
14.33
12.72
12.83
11.69
11.76
12.67
9.11
1.15
3.95
(3.41)
(11.21)
(18.50)
3.42
13.79
0.25
0.56
交通银行
11.27
11.12
11.10
10.23
10.76
10.90
13.32
1.45
4.51
(2.61)
(3.25)
4.28
3.11
4.89
0.64
0.42
招商银行
16.45
16.48
16.71
15.70
16.89
16.45
35.51
5.84
27.93
(5.54)
(16.97)
(40.15)
4.78
14.13
0.34
0.93
平安银行
11.61
11.44
11.25
9.55
10.82
10.93
21.24
2.32
10.66
(3.70)
(9.80)
(34.03)
4.59
21.38
0.21
0.58
兴业银行
14.59
13.17
13.93
12.54
13.86
13.62
34.41
4.69
15.23
(4.63)
(8.41)
(15.72)
3.25
12.46
0.26
0.51
中信银行
11.62
11.35
11.05
10.07
10.70
10.96
13.51
1.48
4.42
(4.55)
(3.29)
1.92
2.98
10.70
0.28
0.41
浦发银行
14.39
13.08
12.00
10.73
8.67
11.77
23.64
2.78
6.82
(1.45)
(3.13)
(15.61)
2.45
2.11
1.16
0.35
浙商银行
14.54
13.93
12.82
10.05
9.71
12.21
7.45
0.91
2.81
(4.11)
(6.04)
(20.00)
3.09
8.07
0.38
0.46
光大银行
12.70
11.56
11.78
10.73
10.54
11.46
9.12
1.04
2.76
(2.48)
(2.48)
(11.63)
2.64
3.06
0.86
0.39
中信银行
11.62
11.35
11.05
10.07
10.70
10.96
13.51
1.48
4.42
(4.55)
(3.29)
1.92
2.98
10.70
0.28
0.41
民生银行
14.00
12.99
12.38
6.85
6.61
10.57
13.77
1.45
3.31
(1.19)
(2.06)
(10.07)
2.28
6.12
0.37
0.29
宁波银行
19.06
18.64
17.14
14.84
16.60
17.26
24.54
4.23
24.51
(12.96)
(23.17)
(35.71)
5.79
19.66
0.29
1.11
南京银行
16.94
16.93
16.45
14.27
14.73
15.86
12.65
2.01
10.11
(2.97)
(3.71)
17.87
5.04
18.99
0.27
0.89
北京银行
13.79
11.68
11.56
10.69
10.34
11.61
14.34
1.66
4.05
(0.98)
(1.22)
(1.96)
2.43
6.42
0.38
0.38
上海银行
12.55
12.56
12.84
12.02
11.77
12.35
14.93
1.84
5.72
(2.39)
(2.05)
(14.41)
3.10
4.01
0.77
0.42
成都银行
16.58
16.05
16.62
15.98
17.54
16.55
15.12
2.50
14.23
(5.82)
(12.96)
23.34
5.68
26.38
0.22
1.10
重庆银行
14.78
12.67
12.91
12.10
10.82
12.66
14.82
1.88
6.64
(1.77)
(1.33)
(21.13)
3.54
0.53
贵阳银行
19.47
18.70
17.34
15.73
13.23
16.89
15.35
2.59
5.24
(2.60)
(3.32)
(15.36)
2.02
3.35
0.60
0.39
苏州银行
9.82
9.81
9.76
8.85
9.77
9.60
10.58
1.02
7.17
(0.56)
5.85
19.40
7.06
24.59
0.29
0.76
江苏银行
13.62
12.35
12.53
11.60
12.32
12.48
13.93
1.74
7.05
(3.80)
(4.70)
29.21
4.05
26.07
0.16
0.66
杭州银行
11.31
11.04
12.14
11.13
12.21
11.57
15.90
1.84
12.58
(10.98)
(12.91)
(0.87)
6.84
25.93
0.26
0.98
青岛银行
10.71
8.35
8.24
8.51
10.32
9.23
6.62
0.61
3.26
(1.80)
(3.54)
(20.55)
5.34
13.98
0.38
0.63
齐鲁银行
17.00
10.66
10.73
11.30
9.96
11.93
7.25
0.86
3.99
(1.73)
(2.93)
(25.94)
4.61
18.27
0.25
0.65
长沙银行
18.22
16.86
15.62
13.74
12.61
15.41
14.65
2.26
6.37
(3.79)
(4.23)
(14.81)
2.82
9.63
0.29
0.50
厦门银行
12.03
11.23
11.13
10.96
11.01
11.27
8.99
1.01
5.17
(1.13)
(0.94)
(20.72)
5.10
16.94
0.30
0.64
西安银行
12.02
12.50
11.89
11.22
10.57
11.64
6.35
0.74
3.28
(2.08)
(1.50)
(19.63)
4.43
(7.64)
(0.58)
0.52
郑州银行
18.40
9.92
9.26
8.30
7.11
10.60
7.52
0.80
2.34
(2.50)
(2.09)
(25.95)
2.94
0.45
兰州银行
13.42
11.30
5.30
4.07
5.94
8.01
5.48
0.44
3.90
(2.51)
(3.72)
(22.88)
8.89
4.24
2.10
0.86
苏农银行
9.02
9.10
8.34
7.86
9.04
8.67
7.65
0.66
4.65
(6.85)
(10.81)
(2.21)
7.00
20.90
0.34
0.62
常熟银行
12.39
12.63
11.51
10.31
11.62
11.69
8.06
0.94
7.23
(7.90)
(10.68)
10.66
7.67
21.99
0.35
0.96
江阴银行
9.46
9.34
9.22
8.68
10.09
9.36
6.13
0.57
3.90
(13.38)
(10.96)
3.67
6.80
22.35
0.30
0.64
沪农商行
13.24
13.08
12.19
10.89
11.22
12.12
10.41
1.26
5.31
(1.67)
(0.19)
(17.75)
4.21
17.37
0.24
0.53
渝农商行
15.65
13.51
11.73
9.11
9.56
11.91
9.79
1.17
3.51
(1.68)
(1.68)
(2.69)
3.01
8.83
0.34
0.38
紫金银行
11.07
11.34
10.52
9.60
9.62
10.43
4.49
0.47
2.57
(2.27)
(5.15)
(20.34)
5.49
5.40
1.02
0.59
瑞丰银行
9.90
10.08
10.58
10.40
10.16
10.22
9.47
0.97
6.15
(2.85)
(4.96)
(44.44)
6.35
0.66
张家港行
9.09
9.33
8.71
8.82
10.55
9.30
6.93
0.64
4.33
(3.81)
(7.74)
(8.33)
6.72
22.31
0.30
0.76
沪农商行
13.24
13.08
12.19
10.89
11.22
12.12
10.41
1.26
5.31
(1.67)
(0.19)
(17.75)
4.21
17.37
0.24
0.53
无锡银行
11.25
10.80
11.25
10.79
11.29
11.08
9.09
1.01
5.47
(4.56)
(6.04)
(0.90)
5.43
25.39
0.21
0.72
ROE
公司点评 
- 7 - 
敬请参阅最后一页特别声明 
风险提示 
 宏观经济超预期收缩：宏观经济超预期收缩不仅对信贷增速和资产质量形
成压制，且会引致市场对银行股的悲观预期陷入负向循环。 
 国内疫情反复：疫情反复将限制居民流动和消费，拖累零售贷款的增速，
尤其是对零售转型中的银行。 
 贷款质量超预期恶化：如果外生冲击导致资产质量严重恶化，公司需要提
高拨备，净利润将受到严重侵蚀。 
 
 
 
 
 
 
 
 
 
 
 
 
 
 
 
 
 
 
 
 
 
 
 
 
 
 
公司点评 
- 8 - 
敬请参阅最后一页特别声明 
附录：盈利预测与主要指标 
注：图示部分数据为重构报表之后的结果。利润表中，其他收入中已经包含其他业务收入。来源：国金证券研究所 
 
 
 
 
 
 
 
 
 
 
 
 
 
 
 
 
 
 
 
利润表（人民币百万元）
资产负债表（人民币百万元）
2019A
2020A
2021A
2022E
2023E
2024E
2019A
2020A
2021A
2022E
2023E
2024E
营业收入
35,081
41,111
52,774
64,466
77,603
94,009
生息资产
1,070,755
1,310,434
1,592,920
1,926,255
2,303,745
2,741,099
增长率
21.3%
17.2%
28.4%
22.2%
20.4%
21.1%
——贷款及垫款（净额）
510,039
663,447
832,443
1,007,347
1,206,802
1,446,622
——净利息收入
22,238
27,859
32,697
39,346
46,057
54,183
——同业资产
36,264
23,966
49,255
59,106
70,927
85,113
增长率
16.3%
25.3%
17.4%
20.3%
17.1%
17.6%
——存放中央银行款项
92,169
100,992
96,109
111,095
133,745
160,042
——手续费及佣金净收入
5,110
6,342
8,262
8,451
9,921
11,759
——债券投资
432,284
522,029
615,113
748,707
892,271
1,049,323
增长率
-11.8%
24.1%
30.3%
2.3%
17.4%
18.5%
非生息资产
246,961
316,315
422,687
511,139
611,307
727,360
——投资净收益
6,541
9,180
12,531
16,290
21,177
27,531
资产合计
1,317,716
1,626,749
2,015,607
2,437,393
2,915,052
3,468,459
增长率
28.9%
40.4%
36.5%
50.0%
30.0%
30.0%
计息负债
1,156,954
1,410,661
1,773,969
2,156,122
2,588,273
3,087,980
——其他收入
1,157
-2,294
-734
352
424
514
——客户存款
779,224
933,164
1,062,328
1,227,971
1,478,334
1,768,999
增长率
-206.4%
-298.2%
-68.0%
-148.0%
20.4%
21.1%
非计息负债
60,027
97,095
91,638
111,379
133,703
159,516
税金及附加
-257
-332
-413
-516
-621
-752
负债合计
1,216,981
1,507,756
1,865,607
2,267,501
2,721,975
3,247,496
% 营业收入
0.7%
0.8%
0.8%
0.8%
0.8%
0.8%
股本
5,628
6,008
6,604
6,604
6,604
6,604
业务及管理费
-12,038
-15,609
-19,500
-23,820
-30,825
-39,910
资本公积
18,785
26,403
37,695
37,695
37,695
37,695
% 营业收入
34.3%
38.0%
37.0%
36.9%
39.7%
42.5%
留存收益及其他
58,865
70,159
85,944
105,780
128,908
156,738
拨备前利润
22,751
25,167
32,855
40,105
46,135
53,325
少数股东权益
427
513
576
632
689
745
% 营业收入
64.9%
61.2%
62.3%
62.2%
59.4%
56.7%
所有者权益合计
100,736
118,993
150,000
169,892
193,076
220,964
减值损失
-7,461
-8,667
-12,377
-15,100
-16,157
-17,449
负债及股东权益总计
1,317,716
1,626,749
2,015,607
2,437,393
2,915,052
3,468,459
% 营业收入
21.3%
21.1%
23.5%
23.4%
20.8%
18.6%
利润总额
15,218
16,455
20,445
24,972
29,945
35,843
成长指标（%）
% 营业收入
43.4%
40.0%
38.7%
38.7%
38.6%
38.1%
总资产
18.03
23.45
23.90
20.93
19.60
18.98
所得税
-1,427
-1,319
-836
-1,021
-1,224
-1,466
贷款及垫款总额
23.92
30.08
25.47
21.01
19.80
19.87
% 营业收入
4.1%
3.2%
1.6%
1.6%
1.6%
1.6%
存款总额
20.49
19.76
13.84
15.59
20.39
19.66
净利润
13,791
15,136
19,609
23,951
28,720
34,377
拨备前利润
21.32
10.62
30.55
22.07
15.03
15.59
% 营业收入
39.3%
36.8%
37.2%
37.2%
37.0%
36.6%
减值损失
3.52
16.16
42.81
22.00
7.00
8.00
少数股东损益
-77
-86
-63
-56
-56
-56
归母净利润
22.60
9.74
29.87
22.25
19.96
19.73
归母净利润
13,714
15,050
19,546
23,895
28,664
34,321
% 营业收入
39.1%
36.6%
37.0%
37.1%
36.9%
36.5%
质量指标（%）
结构指标（%）
不良率
0.78
0.79
0.77
0.80
0.80
0.80
手续费及佣金净收入/营收
0.15
0.15
0.16
0.13
0.13
0.13
拨备覆盖率
524.08
505.59
525.52
530.00
530.00
530.00
个人贷款/贷款总额
0.34
0.38
0.39
0.38
0.38
0.38
拨贷比
4.10
4.01
4.03
4.24
4.24
4.24
个人存款/存款总额
0.22
0.23
0.21
0.23
0.23
0.23
盈利能力指标（%）
监管指标（%）
净息差
2.27
2.30
2.21
1.90
1.90
1.90
核心一级资本充足率
9.62
9.52
10.16
9.52
9.52
9.52
净利差
2.56
2.55
2.46
2.31
2.30
2.26
一级资本充足率
11.30
10.88
11.29
10.90
11.20
10.90
存贷差
4.24
4.14
3.93
3.72
3.67
3.60
资本充足率
15.57
14.84
15.44
15.00
15.30
15.00
成本收入比
34.42
37.88
36.95
36.95
39.72
42.45
每股指标（元）
回报率指标（%）
EPS
2.41
2.43
3.13
3.50
4.23
5.08
ROA
1.13
1.03
1.08
1.08
1.07
1.08
DPS
0.50
0.50
0.50
0.72
0.87
1.04
ROE
15.16
13.78
14.58
14.97
15.83
16.61
BPS
15.19
17.26
20.39
23.39
26.89
31.10
RORWA
1.72
1.54
1.63
1.64
1.64
1.65
公司点评 
- 9 - 
敬请参阅最后一页特别声明 
投资评级的说明： 
买入：预期未来6－12 个月内上涨幅度在15%以上； 
增持：预期未来6－12 个月内上涨幅度在5%－15%； 
中性：预期未来6－12 个月内变动幅度在 -5%－5%； 
减持：预期未来6－12 个月内下跌幅度在5%以上。 
 
公司点评 
- 10 - 
敬请参阅最后一页特别声明 
特别声明： 
国金证券股份有限公司经中国证券监督管理委员会批准，已具备证券投资咨询业务资格。 
均不得以任何方式对本报告的任何部分制作任何形式的复制、转发、转载、引用、修改、仿制、刊发，或以任何侵
犯本公司版权的其他方式使用。经过书面授权的引用、刊发，需注明出处为“国金证券股份有限公司”，且不得对本
报告进行任何有悖原意的删节和修改。 
本报告的产生基于国金证券及其研究人员认为可信的公开资料或实地调研资料，但国金证券及其研究人员对这
些信息的准确性和完整性不作任何保证。本报告反映撰写研究人员的不同设想、见解及分析方法，故本报告所载观
点可能与其他类似研究报告的观点及市场实际情况不一致，国金证券不对使用本报告所包含的材料产生的任何直接
或间接损失或与此有关的其他任何损失承担任何责任。且本报告中的资料、意见、预测均反映报告初次公开发布时
的判断，在不作事先通知的情况下，可能会随时调整，亦可因使用不同假设和标准、采用不同观点和分析方法而与
国金证券其它业务部门、单位或附属机构在制作类似的其他材料时所给出的意见不同或者相反。 
本报告仅为参考之用，在任何地区均不应被视为买卖任何证券、金融工具的要约或要约邀请。本报告提及的任
何证券或金融工具均可能含有重大的风险，可能不易变卖以及不适合所有投资者。本报告所提及的证券或金融工具
的价格、价值及收益可能会受汇率影响而波动。过往的业绩并不能代表未来的表现。 
客户应当考虑到国金证券存在可能影响本报告客观性的利益冲突，而不应视本报告为作出投资决策的唯一因素。
证券研究报告是用于服务具备专业知识的投资者和投资顾问的专业产品，使用时必须经专业人士进行解读。国金证
券建议获取报告人员应考虑本报告的任何意见或建议是否符合其特定状况，以及（若有必要）咨询独立投资顾问。
报告本身、报告中的信息或所表达意见也不构成投资、法律、会计或税务的最终操作建议，国金证券不就报告中的
内容对最终操作建议做出任何担保，在任何时候均不构成对任何人的个人推荐。 
在法律允许的情况下，国金证券的关联机构可能会持有报告中涉及的公司所发行的证券并进行交易，并可能为
这些公司正在提供或争取提供多种金融服务。 
本报告并非意图发送、发布给在当地法律或监管规则下不允许向其发送、发布该研究报告的人员。国金证券并
不因收件人收到本报告而视其为国金证券的客户。本报告对于收件人而言属高度机密，只有符合条件的收件人才能
使用。根据《证券期货投资者适当性管理办法》，本报告仅供国金证券股份有限公司客户中风险评级高于C3 级(含C3
级）的投资者使用；本报告所包含的观点及建议并未考虑个别客户的特殊状况、目标或需要，不应被视为对特定客
户关于特定证券或金融工具的建议或策略。对于本报告中提及的任何证券或金融工具，本报告的收件人须保持自身
的独立判断。使用国金证券研究报告进行投资，遭受任何损失，国金证券不承担相关法律责任。 
若国金证券以外的任何机构或个人发送本报告，则由该机构或个人为此发送行为承担全部责任。本报告不构成
国金证券向发送本报告机构或个人的收件人提供投资建议，国金证券不为此承担任何责任。 
此报告仅限于中国境内使用。国金证券版权所有，保留一切权利。 
 
  
上海 
北京 
深圳 
电话：021-60753903 
传真：021-61038200 
邮箱：researchsh@gjzq.com.cn 
邮编：201204 
地址：上海浦东新区芳甸路1088 号 
           紫竹国际大厦7 楼 
电话：010-66216979 
传真：010-66216793 
邮箱：researchbj@gjzq.com.cn 
邮编：100053 
地址：中国北京西城区长椿街3 号4 层 
电话：0755-83831378 
传真：0755-83830558 
邮箱：researchsz@gjzq.com.cn 
邮编：518000 
地址：中国深圳市福田区中心四路1-1 号 
           嘉里建设广场T3-2402 
 
 
