 
 
1 
 
 
 
刘一楠 
分析师 
SAC 执业证书：S0640524100002 
联系电话： 
邮箱：liuyn@avicsec.com 
◆ 
◆ 
◆ 
◆ 
◆ 
 
 
资料来源：ifind，中航证券研究所 
 
资产负债表
利润表
会计年度
2022
2023
2024
2025E
2026E
2027E
会计年度
2022
2023
2024
2025E
2026E
2027E
货币资金
6874.85
7265.86
9128.01
9388.13
11124.36
13136.12
营业收入
8129.99
5760.82
7355.98
9457.50
11641.74
13754.60
应收票据及账款
173.93
127.28
231.79
310.93
318.95
376.84
营业成本
4255.36
3777.81
4560.62
5633.96
6913.12
8160.46
预付账款
35.08
24.18
24.53
37.35
45.98
54.32
税金及附加
71.66
25.20
31.25
35.94
40.75
44.01
其他应收款
12.56
12.63
207.65
285.02
350.85
414.52
销售费用
265.88
270.50
370.91
444.50
523.88
667.10
存货
2153.88
1990.87
2346.37
2469.68
2651.61
2906.46
管理费用
425.17
369.88
491.16
595.82
675.22
784.01
其他流动资产
2164.35
2182.14
496.44
936.37
1198.70
1407.36
研发费用
935.58
989.95
1122.39
1305.14
1466.86
1609.29
流动资产总计
11414.64
11602.96
12434.80
13427.48
15690.45
18295.63
财务费用
-342.70 
-258.17 
-442.52 
-232.96 
-280.41 
-332.40 
长期股权投资
11.80
25.73
137.07
132.07
126.07
120.07
资产减值损失
-418.91 
-612.71 
-172.14 
-160.78 
-197.91 
-233.83 
固定资产
1115.79
1196.69
1150.23
1010.38
871.93
734.78
信用减值损失
-0.74 
-0.82 
-3.67 
-4.73 
-5.82 
-6.88 
在建工程
6.15
4.27
5.25
12.71
18.50
22.63
其他经营损益
-0.00 
-0.00 
0.00
0.00
0.00
0.00
无形资产
300.34
244.44
260.48
215.17
204.08
217.47
投资收益
50.60
82.62
17.92
25.00
26.00
29.00
长期待摊费用
82.88
78.98
157.41
128.71
60.00
75.00
公允价值变动损益
-6.97 
-11.99 
-0.28 
-1.00 
-2.00 
-2.50 
其他非流动资产
3713.46
3302.72
5083.59
5297.20
5502.48
5649.43
资产处置收益
0.19
0.10
0.34
0.21
0.21
0.21
非流动资产合计
5230.42
4852.83
6794.04
6796.24
6783.06
6819.38
其他收益
78.36
76.93
53.00
55.00
57.00
60.00
资产总计
16645.07
16455.78
19228.83
20223.73
22473.51
25115.01
营业利润
2221.56
119.78
1117.35
1588.80
2179.80
2668.13
短期借款
0.00
0.00
898.22
0.00
0.00
0.00
营业外收入
44.88
6.66
8.69
20.08
20.08
20.08
应付票据及账款
479.27
501.84
733.60
926.13
1136.40
1341.45
营业外支出
4.02
1.69
2.38
2.70
2.70
2.70
其他流动负债
717.40
484.33
698.69
1089.52
1334.18
1573.76
其他非经营损益
0.00
0.00
0.00
0.00
0.00
0.00
流动负债合计
1196.67
986.18
2330.51
2015.65
2470.58
2915.21
利润总额
2262.43
124.75
1123.66
1606.18
2197.19
2685.52
长期借款
89.90
74.39
48.02
38.54
28.75
19.89
所得税
209.86
-36.39 
22.78
80.31
109.86
134.28
其他非流动负债
172.97
195.64
171.52
171.52
171.52
171.52
净利润
2052.57
161.14
1100.88
1525.88
2087.33
2551.24
非流动负债合计
262.87
270.03
219.55
210.07
200.27
191.41
少数股东损益
0.00
0.00
-1.66 
-0.77 
-1.05 
-1.28 
负债合计
1459.53
1256.21
2550.05
2225.72
2670.85
3106.62
归属母公司股东净利
2052.57
161.14
1102.54
1526.64
2088.38
2552.52
股本
667.03
666.91
664.12
664.12
664.12
664.12
EBITDA
2295.26
311.37
1148.48
1776.02
2403.95
2820.80
资本公积
8295.75
8383.17
8321.83
8321.83
8321.83
8321.83
NOPLAT
1611.88
-345.10 
596.73
1288.80
1806.12
2221.12
留存收益
6222.76
6149.50
7512.56
8832.55
10638.25
12845.27
EPS(元)
3.08
0.24
1.65
2.29
3.13
3.83
归属母公司权益
15185.53
15199.58
16498.51
17818.51
19624.20
21831.22
少数股东权益
0.00
0.00
180.27
179.50
178.45
177.17
主要财务比率
股东权益合计
15185.53
15199.58
16678.78
17998.01
19802.66
22008.39
会计年度
2022
2023
2024
2025E
2026E
2027E
负债和股东权益合计
16645.07
16455.78
19228.83
20223.73
22473.51
25115.01
成长能力
营收增长率
-4.47% 
-29.14% 
27.69% 
28.57% 
23.10% 
18.15% 
现金流量表
营业利润增长率
-3.61% 
-94.61% 
832.84% 
42.19% 
37.20% 
22.40% 
会计年度
2022
2023
2024
2025E
2026E
2027E
EBIT增长率
-20.10% 
-106.95% 
610.53% 
101.61% 
39.58% 
22.76% 
税后经营利润
2052.57
161.14
1100.88
1434.12
1993.67
2452.36
EBITDA增长率
-14.69% 
-86.43% 
268.85% 
54.64% 
35.36% 
17.34% 
折旧与摊销
375.53
444.78
467.34
402.80
487.18
467.68
归母净利润增长率
-12.16% 
-92.15% 
584.21% 
38.47% 
36.80% 
22.23% 
财务费用
-342.70 
-258.17 
-442.52 
-232.96 
-280.41 
-332.40 
经营现金流增长率
-58.02% 
24.96% 
71.24% 
-8.62% 
26.70% 
11.19% 
投资损失
-50.60 
-82.62 
-17.92 
-25.00 
-26.00 
-29.00 
盈利能力
营运资金变动
-1910.40 
-20.54 
229.36
180.79
78.21
-48.80 
毛利率
47.66% 
34.42% 
38.00% 
40.43% 
40.62% 
40.67% 
其他经营现金流
825.29
942.16
695.10
97.38
100.38
106.38
净利率
25.25% 
2.80% 
14.97% 
16.13% 
17.93% 
18.55% 
经营性现金净流量
949.69
1186.75
2032.23
1857.12
2353.02
2616.22
营业利润率
27.33% 
2.08% 
15.19% 
16.80% 
18.72% 
19.40% 
资本支出
603.54
325.69
523.14
410.00
480.00
510.00
ROE
13.52% 
1.06% 
6.68% 
8.57% 
10.64% 
11.69% 
长期投资
450.70
-75.68 
-222.83 
0.00
0.00
0.00
ROA
12.33% 
0.98% 
5.73% 
7.55% 
9.29% 
10.16% 
其他投资现金流
109.12
106.47
76.62
-305.62 
-124.72 
-72.50 
ROIC
41.13% 
-6.01% 
12.21% 
23.28% 
32.44% 
39.01% 
投资性现金净流量
-43.73 
-294.90 
-669.34 
-715.62 
-604.72 
-582.50 
估值倍数
短期借款
0.00
0.00
898.22
-898.22 
0.00
0.00
P/E
71.87
915.48
133.80
96.63
70.64
57.79
长期借款
-17.98 
-15.51 
-26.37 
-9.48 
-9.79 
-8.86 
P/S
18.15
25.61
20.05
15.60
12.67
10.73
普通股增加
-0.44 
-0.12 
-2.78 
0.00
0.00
0.00
P/B
9.71
9.71
8.94
8.28
7.52
6.76
资本公积增加
173.17
87.42
-61.34 
0.00
0.00
0.00
股息率
0.28% 
0.00% 
0.15% 
0.14% 
0.19% 
0.23% 
其他筹资现金流
-935.06 
-644.39 
-327.35 
26.32
-2.27 
-13.11 
EV/EBIT
30.69
-384.54 
88.04
98.51
69.70
55.96
筹资性现金净流量
-780.31 
-572.60 
480.38
-881.38 
-12.06 
-21.97 
EV/EBITDA
25.66
164.77
52.21
76.17
55.57
46.68
现金流量净额
240.21
343.68
1973.27
260.12
1736.24
2011.76
EV/NOPLAT
36.55
-148.67 
100.49
104.96
73.97
59.29
数据来源：同花顺iFinD
 
