 
 
⚫ 
⚫ 
⚫ 
⚫ 
⚫ 

 

 

 
 
 
 
 
3895.89 
4071.60 
4260.92 
4467.58 
4.56 
4.51 
4.65 
4.85 
90.30
99.70 
110.26 
121.98 
10.49 
10.41 
10.59 
10.63 
23.42 
25.10 
25.20 
25.20 
0.29 
0.32 
0.35 
0.39 
18.84 
17.06 
15.42 
13.94 
1.03 
0.99 
0.93 
0.87 
0.44 
0.42 
0.40 
0.38 
 
 
 
 
158807.53 
-71470.76 
-46296.56 
-18446.86 
389589.22 
407159.69 
426092.62 
446758.11 
54712.78 
-102981.18 -77806.98 
-49957.28 
298345.79 
304962.61 
318717.28 334175.07 
57601.78 
0.00 
0.00 
0.00 
1707.23 
1791.50 
1874.81 
1965.74 
4444.40 
0.00 
0.00 
0.00 
36974.77 
40023.80 
41458.81 
43112.16 
6462.70 
0.00 
0.00 
0.00 
23404.08 
30374.11 
31786.51 
32166.58 
2462.51 
0.00 
0.00 
0.00 
-277.55 
0.00 
0.00 
0.00 
33123.35 
31510.42 
31510.42 
31510.42 
-347.29 
0.00 
0.00 
0.00 
514029.18 
513207.76 
513207.76 513207.76 
48.63 
0.00 
0.00 
0.00 
56510.39 
56510.39 
56510.39 
56510.39 
4666.64 
4071.60 
4687.02 
5003.69 
314391.44 
314391.44 
314391.44 314391.44 
22699.56 
27361.13 
30337.79 
33640.89 
30908.45 
30908.45 
30908.45 
30908.45 
2755.41 
1401.91 
1401.91 
1401.91 
112218.90 
111397.48 
111397.48 
111397.48 
363.46 
660.45 
660.45 
660.45 
672836.70 
441737.00 
466911.20 
494760.90 
25091.52 
28102.59 
31079.25 
34382.35 
265979.68 
16735.57 
16735.57 
16735.57 
4490.93 
5339.49 
5905.06 
6532.65 
710.65 
710.65 
710.65 
710.65 
20600.58 
22763.10 
25174.20 
27849.70 
160036.83 
0.00 
0.00 
0.00 
11570.69 
12792.86 
14147.90 
15651.53 
105232.20 
16024.92 
16024.92 
16024.92 
9029.90 
9970.24 
11026.30 
12198.17 
38068.71 
35714.04 
35714.04 
35714.04 
92314.38 
28102.59 
31079.25 
34382.35 
2127.52 
2127.52 
2127.52 
2127.52 
0.29 
0.32 
0.35 
0.39 
35941.19 
33586.52 
33586.52 
33586.52 
304048.39 
52449.61 
52449.61 
52449.61 
203941.50 
216734.36 
230882.26 246533.79 
4.56%
4.51%
4.65%
4.85%
164846.81 
172553.03 
183579.33 195777.50 
-0.63%
20.54%
10.88%
10.89%
672836.70 
441737.00 
466911.20 
494760.90 
10.49%
10.41%
10.59%
10.63%
23.42%
25.10%
25.20%
25.20%
2.32%
2.45%
2.59%
2.73%
91255.02 
-160783.49 
19745.72 
22104.55 
5.48%
5.78%
6.01%
6.23%
20600.58 
22763.10 
25174.20 
27849.70 
2.99%
5.29%
5.53%
5.77%
77391.22 
0.00 
0.00 
0.00 
45.19%
11.87%
11.23%
10.60%
1682.54 
0.00 
0.00 
0.00 
-3.66%
36.92%
28.61%
20.51%
-4666.64 
-4071.60 
-4687.02 
-5003.69 
0.60 
-4.27 
-2.77 
-1.10 
-11261.67 -176271.57 
0.00 
0.00 
0.45 
-6.00 
-4.50 
-2.83 
7508.99 
-3203.42 
-741.46 
-741.46 
0.58 
0.73 
0.94 
0.93 
-84661.82 
5965.20 
5428.48 
5745.15 
7.98 
14.14 
—
—
-73770.31 
418.66 
741.46 
741.46 
1.91 
3.81 
—
—
16244.51 
0.00 
0.00 
0.00 
0.29 
0.32 
0.35 
0.39 
-27136.02 
5546.53 
4687.02 
5003.69 
2.92 
-5.14 
0.63 
0.71 
-25908.82 
-2877.43 
0.00 
0.00 
5.27 
5.52 
5.87 
6.26 
30.02 
0.00 
0.00 
0.00 
18.84 
17.06 
15.42 
13.94 
-5.60 
0.00 
0.00 
0.00 
1.03 
0.99 
0.93 
0.87 
-25933.25 
-2877.43 
0.00 
0.00 
1.68 
11.17 
9.29 
7.59 
-19250.65 -157693.96 
25174.20 
27849.70 
0.44 
0.42 
0.40 
0.38 
 
 
