 
敬请参阅末页重要声明及评级说明                                                                       证券研究报告 
 
 
小微和个人贷款高速增长，资产质量改善 
 
 
主要观点： 
 整体：2021 年归母净利润同比增长29.87% 
 
2021 年，宁波银行实现营收/归母净利润分别为527.74 亿/195.46
亿，同比分别增长28.37%/29.87%。ROE 为16.63%，同比增加1.73
个百分点。 
 
 贷款：小微和个人贷款维持高速增长 
 
报告期末，贷款和垫款余额达8627.09 亿，同比增长25.4%。其中，
公司贷款/批发公司贷款/零售公司贷款余额分别为4508.18 亿/2847 亿
/1392 亿，同比增速分别为24.2%/14.9%/28.3%；个人贷款/消费贷/经
营贷/住房贷款余额分别为3331.28 亿/2198.47 亿/759.68 亿/373.13 亿，
同比增速分别为27.3%/23.2%/26.6%/60.4%。 
 
 报告期末，小微团队个数达320 个，总人数达2774 人，团队平均
贷款余额4.35 亿元，人均贷款余额0.5 亿元，均明显高于去年同期。
 零售公司客户数量/授信客户分别达37 万/12 万，同比分别增长
3.3%/2.2%，同比增速下滑。 
 
 中间收入：手续费及佣金净收入同比增长30.27% 
 
报告期内，手续费及佣金净收入82.62 亿元，同比增长30.27%。
其中，手续费及佣金收入94.25 亿元，同比增长28.84%。细分项看，
代理类业务收入78.39 亿元，同比增长33.09%；担保类业务收入6.24
亿元，同比增长8.15%；托管类业务收入4.82 亿元，同比增长29.92%。
结算类收入2.64 亿元，同比增长3.53%。 
 
 宁波银行APP 用户达571 万，同比增长25.3%。 
 
 报告期末，公司个人客户AUM 达6562 亿元，同比增长23%。私
人银行客户数量12974 户，同比增长70.3%；对应AUM 为1464
亿元，同比增长53.1%。 
 
 
 
宁波银行（002142）
公司研究/公司深度
 
投资评级：买入（维持）
报告日期：          2022-04-08
 
收盘价（元） 
38.75
近12 个月最高/最低（元）
41.53/30.05
总股本（百万股） 
6,604
流通股本（百万股） 
6,523
流通股比例（%） 
98.79
总市值（亿元） 
2,559
流通市值（亿元） 
2,528
公司价格与沪深300 走势比较 
分析师：刘超 
执业证书号：S0010520090001 
邮箱：liuchao@hazq.com 
联系人：戚星 
执业证书号：S0010121030010 
电话：18616375520 
邮箱：qixing@hazq.com 
 
-32%
-18%
-5%
9%
23%
4/21
7/21
10/21
1/22
宁波银行
沪深300
宁波银行（002142）
 
 敬请参阅末页重要声明及评级说明 
2 / 9 
证券研究报告
 
 质量：不良率下降，拨备覆盖率上升  
 
报告期末，公司不良率0.77%，较上年末下降0.02 个百分点。拨
备覆盖率525.52%，较上年末提高19.93 个百分点。 
 
 投资建议 
 
预计2022-2024 年归母净利润分别为236.11/288.75/350.05 亿元，
同比增长20.80%/22.29%/21.23%，对应EPS 分别为3.77/4.61/5.59 元。
维持 “买入”评级。 
 
 风险提示 
 
疫情对宏观经济冲击超出预期。 
 
 
 
 重要财务指标 
单位:百万元
主要财务指标 
2021A
2022E
2023E
2024E
营业收入 
52,774 
64,542 
78,381 
95,329 
收入同比（%） 
28.37 
22.30 
21.44 
21.62 
归属母公司净利润 
19,546 
23,611 
28,875 
35,005 
净利润同比（%） 
29.87 
20.80 
22.29 
21.23 
ROA（%） 
1.07 
1.06 
1.07 
1.09 
ROE（%） 
16.58 
16.28 
17.30 
18.08 
每股收益（元） 
3.12 
3.77 
4.61 
5.59 
P/B 
1.88
1.51 
1.31 
1.14 
资料来源： wind，华安证券研究所 
 
 
 
 
 
 
 
宁波银行（002142）
 
敬请参阅末页重要声明及评级说明                   3 / 9                                          证券研究报告 
图表 1 贷款结构 
 
资料来源：宁波银行，华安证券研究所 
 
 
百万/%
2021
2020
2019
2018
2017
2016
2015
公司贷款和垫款
464,462
369,881
304,985
247,077
216,404
186,305
141,853
yoy（%）
25.6
21.3
23.4
14.2
16.2
31.3
11.0
%贷款总额
53.8
53.8
57.6
57.6
62.5
61.6
55.5
 ——公司贷款
450,818
363,069
298,810
242,302
212,157
182,534
137,630
yoy（%）
24.2
21.5
23.3
14.2
16.2
32.6
11.6
%贷款总额
52.3
52.8
56.5
56.5
61.3
60.3
53.8
 ——批发公司贷款
284,700
247,800
214,400
189,120
168,600
147,800
115,700
yoy（%）
14.9
15.6
13.4
12.2
14.1
27.7
%贷款总额
33.0
36.0
40.5
44.1
48.7
48.9
45.3
 ——零售公司贷款
139,200
108,500
79,500
56,900
45,200
33,000
21,930
yoy（%）
28.3
36.5
39.7
25.9
37.0
50.5
%贷款总额
16.1
15.8
15.0
13.3
13.1
10.9
8.6
  ——贸易融资
13,644
6,812
6,175
4,775
4,248
3,771
4,223
yoy（%）
100.3
10.3
29.3
12.4
12.6
(10.7)
(6.2)
%贷款总额
1.6
1.0
1.2
1.1
1.2
1.2
1.7
票据贴现
65,119
56,181
44,419
44,943
24,132
20,324
28,634
yoy（%）
15.9
26.5
(1.2)
86.2
18.7
(29.0)
200.7
%贷款总额
7.5
8.2
8.4
10.5
7.0
6.7
11.2
个人贷款和垫款
333,128
261,653
179,698
137,066
105,664
95,878
85,202
yoy（%）
27.3
45.6
31.1
29.7
10.2
12.5
17.1
%贷款总额
38.6
38.0
34.0
31.9
30.5
31.7
33.3
  ——个人消费贷款
219,847
178,378
141,872
114,975
87,301
86,407
80,283
yoy（%）
23.2
25.7
23.4
31.7
1.0
7.6
20.5
%贷款总额
25.5
25.9
26.8
26.8
25.2
28.6
31.4
  ——个人经营贷款
75,968
60,013
35,036
20,843
17,237
8,175
3,417
yoy（%）
26.6
71.3
68.1
20.9
110.9
139.2
(23.9)
%贷款总额
8.8
8.7
6.6
4.9
5.0
2.7
1.3
—— 个人住房贷款
37,313
23,262
2,790
1,248
1,126
1,295
1,502
yoy（%）
60.4
733.8
123.6
10.8
(13.1)
(13.8)
(5.6)
%贷款总额
4.3
3.4
0.5
0.3
0.3
0.4
0.6
总额
862,709
687,715
529,102
429,087
346,201
302,507
255,689
yoy（%）
25.4
30.0
23.3
23.9
14.4
18.3
21.7
宁波银行（002142）
 
敬请参阅末页重要声明及评级说明                   4 / 9                                          证券研究报告 
图表 2 存款结构 
 
资料来源：宁波银行，华安证券研究所 
百万/%
2021
2020
2019
2018
2017
2016
2015
公司存款总额
838,993
723,795
612,379
523,855
459,395
411,121
274,847
yoy（%）
15.9
18.2
16.9
14.0
11.7
49.6
%存款总额
79.7
78.2
79.4
81.0
81.3
80.4
77.3
 ——批发公司存款
694,100
606,200
517,000
439,900
383,300
347,200
239,200
yoy（%）
14.5
17.3
17.5
14.8
10.4
45.2
%存款总额
65.9
65.5
67.0
68.0
67.8
67.9
67.3
 ——活期存款
360,500
291,400
251,400
246,845
212,313
129,168
yoy（%）
23.7
15.9
1.8
16.3
64.4
%存款总额
39.0
37.8
38.9
43.7
41.5
36.3
 ——定期存款
245,700
225,600
188,500
136,455
134,887
110,032
yoy（%）
8.9
19.7
38.1
1.2
22.6
%存款总额
26.6
29.2
29.1
24.1
26.4
30.9
 ——零售公司存款
144,900
116,800
92,400
73,000
59,100
47,600
36,500
yoy（%）
24.1
26.4
26.6
23.5
24.2
30.4
%存款总额
13.8
12.6
12.0
11.3
10.5
9.3
10.3
 ——活期存款
61,600
46,600
39,000
31,400
25,400
17,300
yoy（%）
32.2
19.5
24.2
23.6
46.8
%存款总额
6.7
6.0
6.0
5.6
5.0
4.9
 ——定期存款
55,200
45,800
34,000
27,700
22,200
19,200
yoy（%）
20.5
34.7
22.7
24.8
15.6
%存款总额
6.0
5.9
5.3
4.9
4.3
5.4
个人存款总额
213,894
201,379
159,142
122,867
105,859
100,284
80,839
yoy（%）
6.2
26.5
29.5
16.1
5.6
24.1
%存款总额
20.3
21.8
20.6
19.0
18.7
19.6
22.7
  ——个人活期存款
73,357
53,029
44,826
36,891
32,640
28,816
25,241
yoy（%）
38.3
18.3
21.5
13.0
13.3
14.2
%存款总额
7.0
5.7
5.8
5.7
5.8
5.6
7.1
  ——个人定期存款
140,537
148,350
114,316
85,976
73,218
71,469
55,597
yoy（%）
(5.3)
29.8
33.0
17.4
2.4
28.5
%存款总额
13.3
16.0
14.8
13.3
13.0
14.0
15.6
总额
1,052,887
925,174
771,521
646,721
565,254
511,405
355,686
yoy（%）
13.8
19.9
19.3
14.4
10.5
43.8
宁波银行（002142）
 
敬请参阅末页重要声明及评级说明                   5 / 9                                          证券研究报告 
 
图表 3 小微服务团队 
 
图表 4 小微服务团队绩效 
 
 
资料来源：宁波银行，华安证券研究所 
资料来源：宁波银行，华安证券研究所 
 
 
图表 5 贷款收益率下行 
 
图表 6 净息差下行 
 
资料来源：宁波银行，华安证券研究所 
资料来源：宁波银行，华安证券研究所 
 
 
图表 7 零售公司客户增速 
 
图表 8 零售公司授信客户 
 
资料来源：宁波银行，华安证券研究所 
资料来源：宁波银行，华安证券研究所 
235 
280 
309 
320 
1,000 
1,400 
2,183 
2,947 
2,774 
0
1,000
2,000
3,000
4,000
2017
2018
2019
2020
2021
小微服务团队个数（个）
小微服务团队总人数（人）
2.42 
2.84 
3.51 
4.35 
0.45 
0.41 
0.36 
0.37 
0.50 
0
1
2
3
4
5
2017
2018
2019
2020
2021
小微服务团团均贷款规模（亿元）
小微服务团人均贷款规模（亿元）
4
6
8
10
2012
2013
2014
2015
2016
2017
2018
2019
2020
2021
对公贷款平均收息率（%）
个人贷款平均收息率（%）
贷款总额平均收息率（%）
0
2
4
6
8
2011 2012 2013 2014 2015 2016 2017 2018 2019 2020 2021
净息差
生息资产收益率
计息负债成本率
9.2 
10.9 
15.3 
17.4 
22.5 
29.4 
35.8 37.0 
18.0 
40.9 
13.5 
29.4 30.7 
21.7 
3.3 
0
20
40
60
0
10
20
30
40
2014
2015
2016
2017
2018
2019
2020
2021
零售公司客户数（万户,左轴）
增速（%，右轴）
2.45 
2.12 
2.74 
4.89 
8.35 
11.74 12.00 
41.0 
(13.4)
29.0 
78.3 
70.9 
40.6 
2.2 
(20)
0
20
40
60
80
100
0
10
20
2015
2016
2017
2018
2019
2020
2021
零售公司授信客户（万户）
增速（%，右轴）
宁波银行（002142）
 
敬请参阅末页重要声明及评级说明                   6 / 9                                          证券研究报告 
 
图表 9 宁波银行APP 注册用户 
 
图表 10 宁波银行APP 的MAU 
 
资料来源：宁波银行，华安证券研究所 
资料来源：宁波银行，华安证券研究所 
 
图表 11 个人客户数量 
 
图表 12 个人客户AUM 
 
资料来源：宁波银行，华安证券研究所 
资料来源：宁波银行，华安证券研究所 
 
图表 13 私行客户 
 
图表 14 私行AUM 
 
资料来源：宁波银行，华安证券研究所 
资料来源：宁波银行，华安证券研究所 
 
323.6 
453.0 
571.0 
40.00
26.05
0
20
40
60
0
200
400
600
2019
2020
2021
宁波银行APP用户数(万，左轴）
增速（%，右轴）
130.86 
229.00 
255.34 
75.00
11.50
0
25
50
75
100
0
100
200
300
2019
2020
2021H
宁波银行APP月活客户数（万，左轴）
增速（%，右轴）
1,098 
1,066 
1,211 
-2.91
13.60
(10
0
10
20
0
500
1,000
1,500
2018
2019
2020
个人客户数量（万户,左轴）
个人客户增速（%，右轴）
3,040 
3,540 
4,378 
5,340 
6,562 
16.4 
23.7 
22.0 
22.9 
34.8
34.7
36.4
37.7
32.6
10
30
50
0
4,000
8,000
2017
2018
2019
2020
2021
个人客户AUM（亿，左轴）
增速（%，右轴）
个人存款/个人客户AUM（%，右轴）
2,111 
2,856 
3,783 
5,394 
7,617 
12,974 
35.3 
32.5 
42.6 
41.2 
70.3 
20
40
60
80
0
5,000
10,000
15,000
2016
2017
2018
2019
2020
2021
私人银行客户（户，左轴）
增速（%，右轴）
315 
389 
469 
671 
956 
1,464 
23.4 
20.6 
43.0 
42.5 
53.1 
0
20
40
60
0
500
1,000
1,500
2016
2017
2018
2019
2020
2021
私人银行客户AUM(亿，左轴）
增速（%，右轴）
宁波银行（002142）
 
敬请参阅末页重要声明及评级说明                   7 / 9                                          证券研究报告 
 
图表 15 资产质量优化 
 
图表 16 资本充足 
 
资料来源：宁波银行，华安证券研究所 
资料来源：宁波银行，华安证券研究所 
 
 
风险提示： 
疫情对宏观经济冲击超出预期。 
 
 
 
0.68
0.76
0.91
0.82
0.78
0.78
0.79
0.77
240.74
275.39
351.42
493.26
521.83 524.08 505.59 525.52
100
300
500
700
0.4
0.8
1.2
2011
2012
2016
2017
2018
2019
2020
2021
不良率（%，左轴）
拨备覆盖率（%，右轴）
5
10
15
20
核心一级资本充足率
一级资本充足率
资本充足率
宁波银行（002142）
 
敬请参阅末页重要声明及评级说明                   8 / 9                                          证券研究报告 
财务报表与盈利预测 
 
 
注释：报表为重构之后的结果，省去了不重要的项目。 
资料来源：华安证券研究所预测 
                     
财务报表（重构，百万人民币）
2020A
2021A
2022E
2023E
2024E
利润表
净利息收入
27,859
32,697
39,422
46,832
55,496
利息收入
56,789
67,762
79,734
96,175
114,460
利息支出
(28,930)
(35,065)
(40,312)
(49,343)
(58,964)
手续费及佣金净收入
6,342
8,262
8,450
9,920
11,759
其他收入
6,910
11,809
16,669
21,629
28,074
营业收入
41,111
52,774
64,542
78,381
95,329
税金及附加
(332)
(413)
(516)
(627)
(763)
管理费用
(15,609)
(19,500)
(23,820)
(30,825)
(39,910)
其他业务成本
(3)
(6)
(25)
(22)
(21)
拨备前利润
25,167
32,855
40,180
46,906
54,635
资产质量拨备
(8,667)
(12,377)
(15,471)
(16,709)
(18,046)
营业外净利润
(45)
(33)
(33)
(33)
(33)
利润总额
16,455
20,445
24,676
30,164
36,556
所得税
(1,319)
(836)
(1,009)
(1,233)
(1,495)
净利润
15,136
19,609
23,667
28,931
35,061
少数股东损益
(86)
(63)
(56)
(56)
(56)
归母净利润
15,050
19,546
23,611
28,875
35,005
资产负债表
生息资产
1,310,434
1,592,920
1,943,182
2,317,617
2,759,924
其中：贷款及垫款（净额）
663,447
832,443
999,602
1,154,739
1,336,249
同业资产（含买入返售）
23,966
49,255
59,106
70,927
85,113
存放中央银行款项
100,992
96,109
112,778
135,017
161,698
债券投资
522,029
615,113
771,696
956,934
1,176,864
非生息资产
316,315
422,687
515,630
614,988
732,356
资产合计
1,626,749
2,015,607
2,458,812
2,932,605
3,492,280
计息负债
1,410,661
1,773,969
2,176,704
2,604,294
3,108,717
其中：客户存款
933,164
1,062,328
1,246,576
1,492,395
1,787,313
其他计息负债
477,497
711,641
930,128
1,111,898
1,321,404
非计息负债
97,095
91,638
112,442
134,530
160,587
负债合计
1,507,756
1,865,607
2,289,147
2,738,824
3,269,304
所有者权益合计
118,993
150,000
169,665
193,782
222,976
负债及股东权益合计
1,626,749
2,015,607
2,458,812
2,932,605
3,492,280
重要指标
2020A
2021A
2022E
2023E
2024E
成长指标（YoY,%）
贷款总额（不含应计利息）
25.45
20.12
15.50
15.72
15.96
存款总额
19.76
13.84
17.34
19.72
19.76
营业收入
17.19
28.37
22.30
21.44
21.62
净利息收入
25.28
17.37
20.57
18.79
18.50
手续费及佣金净收入
24.12
30.27
2.28
17.40
18.53
拨备前利润
7.43
30.55
22.30
16.74
16.48
归母净利润
9.74
29.87
20.80
22.29
21.23
结构指标（%）
手续费及佣金净收入/营业收入
15.43
15.66
13.09
12.66
12.33
个人贷款/国内贷款总额
30.52
31.94
33.96
38.05
38.61
个人存款/国内存款总额
22.72
21.27
20.32
20.13
19.97
质量指标（%）
不良率
0.79
0.77
0.77
0.77
0.77
拨备覆盖率
505.59
525.52
530.00
530.00
530.00
盈利能力指标（%）
净息差
2.30
2.21
2.14
2.11
2.09
净利差
2.55
2.46
2.31
2.32
2.30
存贷差
4.14
3.93
3.67
3.73
3.76
ROA
1.03
1.07
1.06
1.07
1.09
ROE
13.95
16.58
16.28
17.30
18.08
成本收入比
37.88
36.95
36.91
39.33
41.87
监管指标（%）
核心一级资本充足率
9.52
10.16
9.52
9.52
9.52
一级资本充足率
10.88
11.29
10.90
11.20
10.90
资本充足率
14.84
15.44
15.00
15.30
15.00
每股指标（元）
EPS
2.43
3.12
3.77
4.61
5.59
DPS
0.50
0.64
0.72
0.87
1.06
BPS
17.26
22.41
23.35
27.00
31.41
宁波银行（002142）
 
敬请参阅末页重要声明及评级说明                   9 / 9                                          证券研究报告 
重要声明
分析师声明 
本报告署名分析师具有中国证券业协会授予的证券投资咨询执业资格，以勤勉的执业态度、专业审慎的研究方法，
使用合法合规的信息，独立、客观地出具本报告，本报告所采用的数据和信息均来自市场公开信息，本人对这些
信息的准确性或完整性不做任何保证，也不保证所包含的信息和建议不会发生任何变更。报告中的信息和意见仅
供参考。本人过去不曾与、现在不与、未来也将不会因本报告中的具体推荐意见或观点而直接或间接收任何形式
的补偿，分析结论不受任何第三方的授意或影响，特此声明。 
免责声明 
华安证券股份有限公司经中国证券监督管理委员会批准，已具备证券投资咨询业务资格。本报告由华安证券股份
有限公司在中华人民共和国（不包括香港、澳门、台湾）提供。本报告中的信息均来源于合规渠道，华安证券研
究所力求准确、可靠，但对这些信息的准确性及完整性均不做任何保证。在任何情况下，本报告中的信息或表述
的意见均不构成对任何人的投资建议。在任何情况下，本公司、本公司员工或者关联机构不承诺投资者一定获利，
不与投资者分享投资收益，也不对任何人因使用本报告中的任何内容所引致的任何损失负任何责任。投资者务必
注意，其据此做出的任何投资决策与本公司、本公司员工或者关联机构无关。华安证券及其所属关联机构可能会
持有报告中提到的公司所发行的证券并进行交易，还可能为这些公司提供投资银行服务或其他服务。 
本报告仅向特定客户传送，未经华安证券研究所书面授权，本研究报告的任何部分均不得以任何方式制作任何形
式的拷贝、复印件或复制品，或再次分发给任何其他人，或以任何侵犯本公司版权的其他方式使用。如欲引用或
转载本文内容，务必联络华安证券研究所并获得许可，并需注明出处为华安证券研究所，且不得对本文进行有悖
原意的引用和删改。如未经本公司授权，私自转载或者转发本报告，所引起的一切后果及法律责任由私自转载或
转发者承担。本公司并保留追究其法律责任的权利。 
投资评级说明
以本报告发布之日起6 个月内，证券（或行业指数）相对于同期相关证券市场代表性指数的涨跌幅作为基准，A
股以沪深300 指数为基准；新三板市场以三板成指（针对协议转让标的）或三板做市指数（针对做市转让标的）
为基准；香港市场以恒生指数为基准；美国市场以纳斯达克指数或标普500 指数为基准。定义如下： 
行业评级体系 
增持—未来 6 个月的投资收益率领先市场基准指数 5%以上; 
中性—未来 6 个月的投资收益率与市场基准指数的变动幅度相差-5%至 5%; 
减持—未来 6 个月的投资收益率落后市场基准指数 5%以上; 
公司评级体系 
买入—未来6-12 个月的投资收益率领先市场基准指数15%以上； 
增持—未来6-12 个月的投资收益率领先市场基准指数5%至15%； 
中性—未来6-12 个月的投资收益率与市场基准指数的变动幅度相差-5%至5%； 
减持—未来6-12 个月的投资收益率落后市场基准指数5%至15%； 
卖出—未来6-12 个月的投资收益率落后市场基准指数15%以上； 
无评级—因无法获取必要的资料，或者公司面临无法预见结果的重大不确定性事件，或者其他原因，致使无
法给出明确的投资评级。 
 
