 
敬请参阅末页重要声明及评级说明                                                                       证券研究报告 
 
 
对公存贷款高速增长，净息差环比改善 
 
 
主要观点： 
 整体：2021 年归母净利润同比增长20.80% 
 
2022Q1，宁波银行实现营收/归母净利润分别为152.63 亿/57.20
亿，同比分别增长15.40%/20.80%。营收中，利息净收入/手续费及佣
金净收入/投资收益分别为94.94 亿/18.09 亿/35.91 亿，同比分别增长
12.6%/0.9%/64.1%。年化ROE 为16.63%，同比下降1.23 个百分点。
 
 资负匹配：对公存贷款高速增长，净息差环比改善 
 
报告期末，贷款和垫款余额达9299.14 亿，同比增长26.3%。其中，
公司贷款/个人贷款/票据贴现分别为5147.06 亿/3397.74 亿/754.34 亿，
同比分别增长27.9%/18.7%/57.1%。 
 
存款余额达12986.69 亿，同比增长25.2%。其中，公司存款/个人
存款分别为10502.46 亿/2484.23 亿，同比分别增长29.9%/8.6%。 
 
净息差为2.24%，较上年末提升0.03 个百分点。 
 
 质量：资产质量保持优异  
 
报告期末，公司整体不良率为0.77%，与上年末持平。拨备覆盖率
524.78%，较上年末下降0.74 个百分点。 
 
 投资建议 
 
预计2022-2024 年归母净利润分别为233.84/279.76/338.81 亿元，
同比增长19.64%/19.64%/21.11%，对应EPS 分别为3.54/4.24/5.13 元。
维持 “买入”评级。 
 
 风险提示 
 
疫情对宏观经济冲击超出预期。 
 
 
 
 
宁波银行（002142）
公司研究/公司点评
 
投资评级：买入（维持）
报告日期：      2022-04-27 
 
收盘价（元） 
35.15
近12 个月最高/最低（元）
41.53/30.05
总股本（百万股） 
6,604
流通股本（百万股） 
6,523
流通股比例（%） 
98.79
总市值（亿元） 
2,321
流通市值（亿元） 
2,293
公司价格与沪深300 走势比较 
分析师：刘超 
执业证书号：S0010520090001 
邮箱：liuchao@hazq.com 
联系人：戚星 
执业证书号：S0010121030010 
电话：18616375520 
邮箱：qixing@hazq.com 
 
-36%
-23%
-9%
4%
17%
4/21
7/21
10/21
1/22
宁波银行
沪深300
宁波银行（002142）
 
 敬请参阅末页重要声明及评级说明 
2 / 9 
证券研究报告
 
 重要财务指标 
单位:百万元
主要财务指标 
2021A
2022E
2023E
2024E
营业收入 
52774 
63929 
77032 
93711 
收入同比（%） 
28.37 
21.14 
20.50 
21.65 
归属母公司净利润 
19546 
23384 
27976 
33881 
净利润同比（%） 
29.87 
19.64 
19.64 
21.11 
ROA（%） 
1.07 
1.05 
1.04 
1.06 
ROE（%） 
16.58 
16.14 
16.83 
17.64 
每股收益（元） 
3.13 
3.54 
4.24 
5.13 
P/B 
1.88
1.51 
1.31 
1.13 
资料来源： wind，华安证券研究所 
 
 
 
 
 
宁波银行（002142）
 
敬请参阅末页重要声明及评级说明                   3 / 9                                          证券研究报告 
图表 1 利润结构 
 
资料来源：宁波银行，华安证券研究所 
 
百万/%
2021
2020
2019
2018
2022Q1
2021Q4
2021Q3
2021Q2
2021Q1
营业收入
52,774
41,111
35,081
28,930
15,263
13,896
13,859
11,793
13,226
增速（%）
28.4
17.2
21.3
14.3
15.4
28.1
34.8
29.3
21.8
——利息净收入
32,697
27,859
19,564
19,120
9,494
8,225
8,489
7,551
8,432
增速（%）
17.4
42.4
2.3
16.7
12.6
(16.5)
26.6
30.2
53.1
营收占比（%）
62.0
67.8
55.8
66.1
62.2
59.2
61.3
64.0
63.8
——手续费及佣金净收入
8,262
6,342
7,784
5,794
1,809
2,623
2,265
1,582
1,792
增速（%）
30.3
(18.5)
34.3
(1.8)
0.9
250.7
(21.4)
(38.6)
(31.8)
营收占比（%）
15.7
15.4
22.2
20.0
11.9
18.9
16.3
13.4
13.5
——投资收益
12,531
9,180
6,541
5,073
3,591
3,923
3,492
2,928
2,188
增速（%）
36.5
40.4
28.9
51.7
64.1
(23.8)
631.9
279.8
(21.5)
营收占比（%）
23.7
22.3
18.6
17.5
23.5
28.2
25.2
24.8
16.5
——其他收益
(716)
(2,270)
1,193
(1,057)
369
(975)
(482)
(325)
768
增速（%）
68.5
(290.2)
212.9
(231.0)
(52.0)
61.2
(353.8)
(430.0)
1,500.2
营收占比（%）
(1.4)
(5.5)
3.4
(3.7)
2.4
(7.0)
(3.5)
(2.8)
5.8
营业支出
32,296
24,611
19,792
17,384
9,357
8,231
8,913
7,045
8,107
增速（%）
31.2
24.3
13.8
14.9
15.4
21.7
42.6
42.9
21.6
——税金及附加
413
332
257
200
114
100
113
111
89
增速（%）
24.4
29.0
28.6
(19.1)
28.1
16.4
96.7
20.5
(7.8)
营收占比（%）
0.8
0.8
0.7
0.7
0.7
0.7
0.8
0.9
0.7
——业务及管理费
19,500
15,609
12,038
9,964
4,989
5,910
4,998
4,057
4,535
增速（%）
24.9
29.7
20.8
13.7
10.0
16.9
31.5
31.2
24.0
营收占比（%）
37.0
38.0
34.3
34.4
32.7
42.5
36.1
34.4
34.3
——信用减值损失
12,354
8,667
7,461
7,207
4,252
2,213
3,802
2,859
3,480
增速（%）
42.5
16.2
3.5
18.0
22.2
35.6
59.5
64.4
19.5
营收占比（%）
23.4
21.1
21.3
24.9
27.9
15.9
27.4
24.2
26.3
——其他业务成本
6.00
3.00
35.52
13.09
2.00
2.00
0.00
1.00
3.00
增速（%）
100.0
(91.6)
171.3
7.0
(33.3)
119.9
(100.0)
(78.0)
511.0
营收占比（%）
0.0
0.0
0.1
0.0
0.0
0.0
0.0
0.0
0.0
营业利润
20,478
16,500
15,290
11,546
5,906
5,665
4,946
4,748
5,119
增速（%）
24.1
7.9
32.4
13.4
15.4
38.7
22.8
13.2
22.1
营收占比（%）
38.8
40.1
43.6
39.9
38.7
40.8
35.7
40.3
38.7
利润总额
20,445
16,455
15,218
11,498
5,899
5,626
4,934
4,750
5,135
增速（%）
24.2
8.1
32.4
13.1
14.9
38.3
22.9
13.6
22.6
营收占比（%）
38.7
40.0
43.4
39.7
38.6
40.5
35.6
40.3
38.8
所得税费用
836
1,319
1,427
277
182
362
148
(70)
396
增速（%）
(36.6)
(7.6)
415.3
(65.7)
(54.0)
22.4
(72.9)
(123.0)
128.7
营收占比（%）
1.6
3.2
4.1
1.0
1.2
2.6
1.1
(0.6)
3.0
净利润
19,609
15,136
13,791
11,221
5,717
5,264
4,786
4,820
4,739
增速（%）
29.6
9.8
22.9
19.9
20.6
39.5
37.9
24.3
18.0
营收占比（%）
37.2
36.8
39.3
38.8
37.5
37.9
34.5
40.9
35.8
归母净利润
19,546
15,050
13,714
11,186
5,720
5,239
4,788
4,784
4,735
增速（%）
29.9
9.7
22.6
19.9
20.8
38.6
39.7
24.6
18.3
营收占比（%）
37.0
36.6
39.1
38.7
37.5
37.7
34.5
40.6
35.8
宁波银行（002142）
 
敬请参阅末页重要声明及评级说明                   4 / 9                                          证券研究报告 
图表 2 贷款结构 
 
资料来源：宁波银行，华安证券研究所 
 
 
百万/%
2022Q1
2021
2020
2019
2018
2017
2016
2015
公司贷款和垫款
514,706
464,462
369,881
304,985
247,077
216,404
186,305
141,853
yoy（%）
27.9
25.6
21.3
23.4
14.2
16.2
31.3
11.0
%贷款总额
55.3
53.8
53.8
57.6
57.6
62.5
61.6
55.5
——公司贷款
450,818
363,069
298,810
242,302
212,157
182,534
137,630
yoy（%）
24.2
21.5
23.3
14.2
16.2
32.6
11.6
%贷款总额
52.3
52.8
56.5
56.5
61.3
60.3
53.8
——批发公司贷款
284,700
247,800
214,400
189,120
168,600
147,800
115,700
yoy（%）
14.9
15.6
13.4
12.2
14.1
27.7
%贷款总额
33.0
36.0
40.5
44.1
48.7
48.9
45.3
——零售公司贷款
139,200
108,500
79,500
56,900
45,200
33,000
21,930
yoy（%）
28.3
36.5
39.7
25.9
37.0
50.5
%贷款总额
16.1
15.8
15.0
13.3
13.1
10.9
8.6
——贸易融资
13,644
6,812
6,175
4,775
4,248
3,771
4,223
yoy（%）
100.3
10.3
29.3
12.4
12.6
(10.7)
(6.2)
%贷款总额
1.6
1.0
1.2
1.1
1.2
1.2
1.7
票据贴现
75,434
65,119
56,181
44,419
44,943
24,132
20,324
28,634
yoy（%）
57.1
15.9
26.5
(1.2)
86.2
18.7
(29.0)
200.7
%贷款总额
8.1
7.5
8.2
8.4
10.5
7.0
6.7
11.2
个人贷款和垫款
339,774
333,128
261,653
179,698
137,066
105,664
95,878
85,202
yoy（%）
18.7
27.3
45.6
31.1
29.7
10.2
12.5
17.1
%贷款总额
36.5
38.6
38.0
34.0
31.9
30.5
31.7
33.3
——个人消费贷款
219,847
178,378
141,872
114,975
87,301
86,407
80,283
yoy（%）
23.2
25.7
23.4
31.7
1.0
7.6
20.5
%贷款总额
25.5
25.9
26.8
26.8
25.2
28.6
31.4
——个人经营贷款
75,968
60,013
35,036
20,843
17,237
8,175
3,417
yoy（%）
26.6
71.3
68.1
20.9
110.9
139.2
(23.9)
%贷款总额
8.8
8.7
6.6
4.9
5.0
2.7
1.3
——个人住房贷款
37,313
23,262
2,790
1,248
1,126
1,295
1,502
yoy（%）
60.4
733.8
123.6
10.8
(13.1)
(13.8)
(5.6)
%贷款总额
4.3
3.4
0.5
0.3
0.3
0.4
0.6
贷款总额
929,914
862,709
687,715
529,102
429,087
346,201
302,507
255,689
yoy（%）
26.3
25.4
30.0
23.3
23.9
14.4
18.3
21.7
宁波银行（002142）
 
敬请参阅末页重要声明及评级说明                   5 / 9                                          证券研究报告 
图表 3 存款结构 
 
资料来源：宁波银行，华安证券研究所 
 
 
 
 
 
 
 
 
 
 
 
 
 
 
 
百万/%
2022Q1
2021
2020
2019
2018
2017
2016
2015
公司存款总额
1,050,246
838,993
723,795
612,379
523,855
459,395
411,121
274,847
yoy（%）
29.9
15.9
18.2
16.9
14.0
11.7
49.6
%存款总额
80.9
79.7
78.2
79.4
81.0
81.3
80.4
77.3
——批发公司存款
694,100
606,200
517,000
439,900
383,300
347,200
239,200
yoy（%）
14.5
17.3
17.5
14.8
10.4
45.2
%存款总额
65.9
65.5
67.0
68.0
67.8
67.9
67.3
——活期存款
360,500
291,400
251,400
246,845
212,313
129,168
yoy（%）
23.7
15.9
1.8
16.3
64.4
%存款总额
39.0
37.8
38.9
43.7
41.5
36.3
——定期存款
245,700
225,600
188,500
136,455
134,887
110,032
yoy（%）
8.9
19.7
38.1
1.2
22.6
%存款总额
26.6
29.2
29.1
24.1
26.4
30.9
——零售公司存款
144,900
116,800
92,400
73,000
59,100
47,600
36,500
yoy（%）
24.1
26.4
26.6
23.5
24.2
30.4
%存款总额
13.8
12.6
12.0
11.3
10.5
9.3
10.3
——活期存款
61,600
46,600
39,000
31,400
25,400
17,300
yoy（%）
32.2
19.5
24.2
23.6
46.8
%存款总额
6.7
6.0
6.0
5.6
5.0
4.9
——定期存款
55,200
45,800
34,000
27,700
22,200
19,200
yoy（%）
20.5
34.7
22.7
24.8
15.6
%存款总额
6.0
5.9
5.3
4.9
4.3
5.4
个人存款总额
248,423
213,894
201,379
159,142
122,867
105,859
100,284
80,839
yoy（%）
8.6
6.2
26.5
29.5
16.1
5.6
24.1
%存款总额
19.1
20.3
21.8
20.6
19.0
18.7
19.6
22.7
——个人活期存款
73,357
53,029
44,826
36,891
32,640
28,816
25,241
yoy（%）
38.3
18.3
21.5
13.0
13.3
14.2
%存款总额
7.0
5.7
5.8
5.7
5.8
5.6
7.1
——个人定期存款
140,537
148,350
114,316
85,976
73,218
71,469
55,597
yoy（%）
(5.3)
29.8
33.0
17.4
2.4
28.5
%存款总额
13.3
16.0
14.8
13.3
13.0
14.0
15.6
总额
1,298,669
1,052,887
925,174
771,521
646,721
565,254
511,405
355,686
yoy（%）
25.2
13.8
19.9
19.3
14.4
10.5
43.8
宁波银行（002142）
 
敬请参阅末页重要声明及评级说明                   6 / 9                                          证券研究报告 
图表 4 净息差环比改善 
 
资料来源：宁波银行，华安证券研究所 
 
 
图表 5 不良率环比持平，拨备覆盖率略有下降 
 
资料来源：宁波银行，华安证券研究所 
 
3.23
3.48
3.05
2.51
2.38
1.95
1.94
1.97
1.84
2.3
2.21
2.24
1
2
3
4
2011
2012
2013
2014
2015
2016
2017
2018
2019
2020
2021
2022Q1
净息差（%）
0.68
0.76
0.89
0.89
0.92
0.91
0.82
0.78
0.78
0.79
0.77
0.77
240.7
275.4
254.9
285.2
308.7
351.4
493.3
521.8
524.1
505.6
525.5
524.8
100
350
600
0
1
2
2011
2012
2013
2014
2015
2016
2017
2018
2019
2020
2021
2022Q1
不良率（%，左轴）
拨备覆盖率（%，右轴）
宁波银行（002142）
 
敬请参阅末页重要声明及评级说明                   7 / 9                                          证券研究报告 
图表 6 资本充足率 
 
资料来源：宁波银行，华安证券研究所 
 
 
 
 
风险提示： 
疫情对宏观经济冲击超出预期。 
 
 
 
5
10
15
20
5
10
15
20
2013
2014
2015
2016
2017
2018
2019
2020
2021
2022Q1
一级资本充足率（%）
核心一级资本充足率（%）
资本充足率（%）
宁波银行（002142）
 
敬请参阅末页重要声明及评级说明                   8 / 9                                          证券研究报告 
财务报表与盈利预测 
 
 
注释：报表为重构之后的结果，省去了不重要的项目。 
资料来源：华安证券研究所预测 
                     
财务报表（重构，百万人民币）
2021A
2022E
2023E
2024E
利润表
净利息收入
32,697
38,812
45,490
53,887
利息收入
67,762
79,125
94,833
112,851
利息支出
(35,065)
(40,312)
(49,343)
(58,964)
手续费及佣金净收入
8,262
8,451
9,921
11,759
其他收入
11,809
16,666
21,621
28,065
营业收入
52,774
63,929
77,032
93,711
税金及附加
(413)
(511)
(616)
(750)
管理费用
(19,500)
(23,820)
(30,825)
(39,910)
其他业务成本
(6)
(25)
(22)
(21)
拨备前利润
32,855
39,573
45,569
53,030
资产质量拨备
(12,377)
(15,100)
(16,308)
(17,613)
营业外净利润
(33)
(33)
(33)
(33)
利润总额
20,445
24,440
29,228
35,385
所得税
(836)
(999)
(1,195)
(1,447)
净利润
19,609
23,440
28,033
33,938
少数股东损益
(63)
(56)
(56)
(56)
归母净利润
19,546
23,384
27,976
33,881
资产负债表
生息资产
1,592,920
1,943,002
2,316,764
2,758,324
其中：贷款及垫款（净额）
832,443
930,789
1,074,346
1,242,122
同业资产（含买入返售）
49,255
59,106
70,927
85,113
存放中央银行款项
96,109
112,778
135,017
161,698
债券投资
615,113
840,330
1,036,474
1,269,391
非生息资产
422,687
515,583
614,762
731,931
资产合计
2,015,607
2,458,585
2,931,526
3,490,256
计息负债
1,773,969
2,176,704
2,604,294
3,108,717
其中：客户存款
1,062,328
1,246,576
1,492,395
1,787,313
其他计息负债
711,641
930,128
1,111,898
1,321,404
非计息负债
91,638
112,442
134,530
160,587
负债合计
1,865,607
2,289,147
2,738,824
3,269,304
所有者权益合计
150,000
169,439
192,702
220,952
负债及股东权益合计
2,015,607
2,458,585
2,931,526
3,490,256
重要指标
2021A
2022E
2023E
2024E
成长指标（YoY,%）
贷款总额（不含应计利息）
25.45
15.40
15.62
15.85
存款总额
13.84
17.34
19.72
19.76
营业收入
28.37
21.14
20.50
21.65
净利息收入
17.37
18.70
17.21
18.46
手续费及佣金净收入
30.27
2.28
17.40
18.53
拨备前利润
30.55
20.45
15.15
16.37
归母净利润
29.87
19.64
19.64
21.11
结构指标（%）
手续费及佣金净收入/营业收入
15.66
13.22
12.88
12.55
个人贷款/贷款总额
38.61
33.96
38.05
38.61
个人存款/存款总额
21.27
20.32
20.13
19.97
质量指标（%）
不良率
0.77
0.80
0.80
0.80
拨备覆盖率
525.52
530.00
530.00
530.00
盈利能力指标（%）
净息差
2.21
2.11
2.05
2.03
净利差
2.46
2.28
2.26
2.25
存贷差
3.93
3.66
3.73
3.75
ROA
1.07
1.05
1.04
1.06
ROE
16.58
16.14
16.83
17.64
成本收入比
36.95
37.26
40.02
42.59
监管指标（%）
核心一级资本充足率
10.16
9.52
9.52
9.52
一级资本充足率
11.29
10.90
11.20
10.90
资本充足率
15.44
15.00
15.30
15.00
每股指标（元）
EPS
3.13
3.54
4.24
5.13
DPS
0.55
0.60
0.72
0.87
BPS
22.41
23.32
26.83
31.10
宁波银行（002142）
 
敬请参阅末页重要声明及评级说明                   9 / 9                                          证券研究报告 
重要声明
分析师声明 
本报告署名分析师具有中国证券业协会授予的证券投资咨询执业资格，以勤勉的执业态度、专业审慎的研究方法，
使用合法合规的信息，独立、客观地出具本报告，本报告所采用的数据和信息均来自市场公开信息，本人对这些
信息的准确性或完整性不做任何保证，也不保证所包含的信息和建议不会发生任何变更。报告中的信息和意见仅
供参考。本人过去不曾与、现在不与、未来也将不会因本报告中的具体推荐意见或观点而直接或间接收任何形式
的补偿，分析结论不受任何第三方的授意或影响，特此声明。 
免责声明 
华安证券股份有限公司经中国证券监督管理委员会批准，已具备证券投资咨询业务资格。本报告由华安证券股份
有限公司在中华人民共和国（不包括香港、澳门、台湾）提供。本报告中的信息均来源于合规渠道，华安证券研
究所力求准确、可靠，但对这些信息的准确性及完整性均不做任何保证。在任何情况下，本报告中的信息或表述
的意见均不构成对任何人的投资建议。在任何情况下，本公司、本公司员工或者关联机构不承诺投资者一定获利，
不与投资者分享投资收益，也不对任何人因使用本报告中的任何内容所引致的任何损失负任何责任。投资者务必
注意，其据此做出的任何投资决策与本公司、本公司员工或者关联机构无关。华安证券及其所属关联机构可能会
持有报告中提到的公司所发行的证券并进行交易，还可能为这些公司提供投资银行服务或其他服务。 
本报告仅向特定客户传送，未经华安证券研究所书面授权，本研究报告的任何部分均不得以任何方式制作任何形
式的拷贝、复印件或复制品，或再次分发给任何其他人，或以任何侵犯本公司版权的其他方式使用。如欲引用或
转载本文内容，务必联络华安证券研究所并获得许可，并需注明出处为华安证券研究所，且不得对本文进行有悖
原意的引用和删改。如未经本公司授权，私自转载或者转发本报告，所引起的一切后果及法律责任由私自转载或
转发者承担。本公司并保留追究其法律责任的权利。 
投资评级说明
以本报告发布之日起6 个月内，证券（或行业指数）相对于同期相关证券市场代表性指数的涨跌幅作为基准，A
股以沪深300 指数为基准；新三板市场以三板成指（针对协议转让标的）或三板做市指数（针对做市转让标的）
为基准；香港市场以恒生指数为基准；美国市场以纳斯达克指数或标普500 指数为基准。定义如下： 
行业评级体系 
增持—未来 6 个月的投资收益率领先市场基准指数 5%以上; 
中性—未来 6 个月的投资收益率与市场基准指数的变动幅度相差-5%至 5%; 
减持—未来 6 个月的投资收益率落后市场基准指数 5%以上; 
公司评级体系 
买入—未来6-12 个月的投资收益率领先市场基准指数15%以上； 
增持—未来6-12 个月的投资收益率领先市场基准指数5%至15%； 
中性—未来6-12 个月的投资收益率与市场基准指数的变动幅度相差-5%至5%； 
减持—未来6-12 个月的投资收益率落后市场基准指数5%至15%； 
卖出—未来6-12 个月的投资收益率落后市场基准指数15%以上； 
无评级—因无法获取必要的资料，或者公司面临无法预见结果的重大不确定性事件，或者其他原因，致使无
法给出明确的投资评级。 
 
