 
 
 
1 
 
 
 
◆ 
◆ 
◆ 
Wind
 
◆ 
◆ 
97.97 
91.78 
76.95 
60.72 
48.34 
3.11 
3.03 
2.94 
2.83 
2.70 
 
WIND
 
 
WIND
 
WIND
 
 
WIND
 
WIND
 
 
WIND
 
2.43%
9.13%
13.57% 19.10%
8.78%
0%
5%
10%
15%
20%
25%
0.00
50.00
100.00
150.00
200.00
250.00
300.00
350.00
400.00
2018
2019
2020
2021
2022
10.82%
1.27%
6.37% 3.63%
6.75%
0%
2%
4%
6%
8%
10%
12%
9.50
10.00
10.50
11.00
11.50
12.00
12.50
13.00
2018
2019
2020
2021
2022
17.63% 16.69%
14.97%
12.49%
10.82%
4.69%
4.40%
4.07%
3.61%
3.64%
0.00%
10.00%
20.00%
2018
2019
2020
2021
2022
4.21 
4.21 
3.07 
0.73 
-
0…
2.14 
3.27 
3.03 
4.84 
4.55 
17.46 
18.81 
16.76 
18.84 
13.77 
-5.00
0.00
5.00
10.00
15.00
20.00
2018
2019
2020
2021
2022
6.69% -6.24% 6.38%
5.77%
50.29%
-10%
0%
10%
20%
30%
40%
50%
60%
0.00
1.00
2.00
3.00
4.00
5.00
6.00
7.00
8.00
2018
2019
2020
2021
2022
IFIND
 
 
 
报表预测
单位:百万元
会计年度
2020
2021
2022
2023E
2024E
2025E
利润表
        营业收入
28,632.62
34,102.19
37,097.15
44,472.87
52,461.21
61,781.52
    减: 营业成本
24,345.23
29,841.56
33,082.49
39,325.96
46,197.68
54,177.50
        税金及附加
62.78
70.94
121.54
111.91
132.01
155.46
        主营业务利润
4,224.61
4,189.69
3,893.12
5,035.01
6,131.51
7,448.56
    减: 销售费用
302.68
484.09
455.29
545.81
671.50
758.24
        管理费用
1,676.06
1,884.31
1,376.97
1,650.75
1,946.31
2,293.21
        研发费用
446.97
472.77
710.50
889.46
1,049.22
1,235.63
        财务费用
307.43
73.46
-17.93 
32.17
-43.65 
-73.22 
        经营性利润
1,491.48
1,275.07
1,368.28
1,916.82
2,508.12
3,234.69
    加: 资产减值损失
-371.12 
-326.63 
-335.60 
-468.24 
-552.34 
-650.47 
        信用减值损失
-99.76 
-167.30 
-123.30 
-173.64 
-204.84 
-241.23 
        其他经营损益
0.00
0.00
0.00
0.00
0.00
0.00
        投资收益
113.24
387.98
367.10
289.44
289.44
289.44
        公允价值变动损益
38.00
-28.00 
31.00
0.00
0.00
0.00
        资产处置收益
20.67
18.75
23.71
21.05
21.05
21.05
        其他收益
197.48
146.49
184.11
176.03
176.03
176.03
        营业利润
1,389.99
1,306.37
1,515.30
1,761.45
2,237.45
2,829.51
    加: 其他非经营损益
0.00
0.00
0.00
0.00
0.00
0.00
        营业外收入
50.31
128.37
84.37
104.07
93.71
98.75
    减: 营业外支出
30.56
27.34
42.61
33.50
33.50
33.50
        利润总额
1,409.74
1,407.40
1,557.07
1,832.02
2,297.66
2,894.76
    减: 所得税
243.66
176.26
205.11
259.78
305.01
391.81
        净利润
1,166.08
1,231.15
1,351.96
1,572.24
1,992.65
2,502.95
    减: 少数股东损益
20.09
43.53
84.18
60.19
76.28
95.82
        归属母公司股东净利润
1,145.99
1,187.62
1,267.78
1,512.05
1,916.37
2,407.13
资产负债表
        货币资金
8,089.38
15,906.78
9,374.41
15,602.41
20,532.86
25,935.28
        交易性金融资产
0.00
6,300.00
0.00
0.00
0.00
0.00
        应收票据
2,746.90
3,695.27
5,101.10
5,066.96
5,977.10
7,039.00
        应收账款
8,189.67
12,945.43
16,447.71
16,440.16
19,393.19
22,838.60
        预付账款
503.49
2,753.05
3,364.92
2,802.08
3,305.40
3,892.64
        其他应收款
106.13
126.69
187.22
184.83
218.04
256.77
        存货
18,744.35
20,515.30
25,733.81
29,301.53
34,421.61
40,367.32
        其他流动资产
68.45
60.69
170.63
130.00
153.36
180.60
        长期股权投资
1,757.29
2,275.36
2,476.92
2,573.13
2,669.34
2,765.54
        金融资产投资
532.27
460.43
470.13
470.13
470.13
470.13
        投资性房地产
44.57
46.06
340.15
294.96
249.77
204.58
        固定资产和在建工程
20,050.17
21,391.95
22,177.48
19,008.62
15,778.63
12,487.52
        无形资产和开发支出
2,357.82
2,828.05
2,874.37
2,458.45
2,029.90
1,588.73
        其他非流动资产
1,161.86
1,343.44
1,247.06
1,230.29
1,213.51
1,213.51
        资产总计
64,352.33
90,648.50
89,965.91
95,563.54
106,412.82
119,240.21
        短期借款
2,089.85
1,586.43
2,015.84
0.00
0.00
0.00
        交易性金融负债
0.00
0.00
0.00
0.00
0.00
0.00
        应付票据
9,670.70
12,091.39
13,592.53
15,904.54
18,683.66
21,910.93
        应付账款
8,551.71
10,505.37
12,976.71
14,361.31
16,870.78
19,784.90
        预收账款
0.00
0.00
0.07
0.03
0.03
0.04
        合同负债
2,805.46
21,751.96
15,542.31
17,118.95
20,193.90
23,781.56
        其他应付款
4,433.26
4,178.30
4,396.36
5,964.53
7,006.76
8,217.05
        长期借款
799.32
651.72
793.69
527.41
280.42
53.69
        其他负债
-1,498.81 
-54.09 
-637.17 
-865.90 
-781.34 
-683.76 
        负债合计
26,851.49
50,711.10
48,680.35
53,010.87
62,254.21
73,064.40
        股本
2,665.59
2,665.59
2,665.59
2,665.59
2,665.59
2,665.59
        资本公积
26,885.84
27,444.69
27,448.94
27,448.94
27,448.94
27,448.94
        留存收益
6,548.75
7,341.50
8,289.04
9,495.96
11,025.61
12,946.99
        归属母公司股东权益
36,100.18
37,451.79
38,403.57
39,610.50
41,140.15
43,061.53
        少数股东权益
1,400.66
2,485.61
2,881.99
2,942.18
3,018.46
3,114.28
        股东权益合计
37,500.84
39,937.40
41,285.57
42,552.68
44,158.61
46,175.81
        负债和股东权益合计
64,352.33
90,648.50
89,965.91
95,563.54
106,412.82
119,240.21
        投入资本(IC)
34,631.63
22,918.56
37,960.28
31,454.83
28,682.16
26,002.24
现金流量表
        经营性现金净流量
3,608.61
16,694.71
-11,254.52 
8,712.14
5,378.80
5,902.09
        投资性现金净流量
-2,669.25 
-8,898.15 
3,722.43
135.28
141.70
139.60
        筹资性现金净流量
-1,071.47 
54.09
883.94
-2,619.43 
-590.05 
-639.27 
        现金流量净额
-174.38 
7,831.07
-6,579.89 
6,228.00
4,930.46
5,402.42
