 
- 1 - 
敬请参阅最后一页特别声明 
 
 
 
 
 
市场价格（人民币）： 55.78 元 
目标价格（人民币）：60.00 元 
长期竞争力评级：高于行业均值 
市场数据(人民币) 
已上市流通A 股(百万股) 
2,343.57 
总市值(百万元) 
130,941.30 
年内股价最高最低(元) 
55.78/37.88 
沪深300 指数 
3461.55 
上证指数 
3172.10 
 
 
相关报告 
1.《业绩基本符合预期，创新和海外业绩支
撑未来-恒瑞医药公司点评》，2017.3.15 
2.《多轮驱动发展,业绩快速增长-恒瑞医药
公司点评》，2016.4.26 
 
 
王建礼 
 
李敬雷 
联系人 
wjianli＠gjzq.com.cn 
分析师 SAC 执业编号：S1130511030026 
(8621)60230221 
lijingl＠gjzq.com.cn 
创新药布局继续加强，ANDA 批文稳步推进 
 
公司基本情况(人民币) 
项目 
2015 
2016 
2017E 
2018E 
2019E 
摊薄每股收益(元) 
1.110 
1.103 
1.315 
1.595 
1.959 
每股净资产(元) 
5.08 
5.28 
6.59 
8.20 
10.22 
每股经营性现金流(元) 
1.16 
1.10 
1.30 
2.19 
1.57 
市盈率(倍) 
44.26 
41.26 
38.60 
31.82
25.91 
行业优化市盈率(倍) 
67.07 
61.04 
64.79 
64.79 
64.79 
净利润增长率(%) 
43.28% 
19.22% 
19.23% 
21.29% 
22.85% 
净资产收益率(%) 
21.87% 
20.90% 
19.96% 
19.44% 
19.17% 
总股本(百万股) 
1,956.50 
2,347.46 
2,347.46 
2,347.46 
2,347.46 
来源：公司年报、国金证券研究所 
 
事件 
 
恒瑞公布2017 年一季报，公司一季度实现收入31.69 亿元，同比增速
18.76%；归母净利润为8.12 亿元，同比增速18.63%；扣非净利润为8.05
亿元，同比增速17.43%；每股收益0.34 元，业绩基本符合预期。 
点评 
 
业绩基本符合预期，毛利率和销售费用率同比有所改善。2017 年第一季度
公司毛利率达到86.8%，同比提升1.15%，毛利率的稳步提升我们预计主要
来自于创新药收入占比的不断提高。另外，公司销售费用率一季度为
35.84%，同比下降0.68%。毛利率的稳步提升及销售费用率的下降导致利
润端增速稳定，业绩符合预期。 
 
苏州投资设立子公司，加强创新药研发和制剂生产布局。2017 年4 月17
日，公司投资15 亿元在苏州设立子公司盛迪医药，主要从事创新药研发、
临床、以及制剂生产等各项事务。公司继续加大创新药版块投入力度，为创
新药未来在国内以及海外市场的发展保驾护航。 
 
创新药进度符合预期，期待后续逐步上市。公司在研管线自艾瑞昔布和阿帕
替尼之后，即将迎来新品种上市，19K 及白蛋白紫杉醇预计明年初将逐步上
市，分别对应25 亿及15 亿销售峰值。另外，吡咯替尼研发进展顺利，并存
在海外市场销售预期，重磅品种值得期待。在研管线当中，未来每年都将有
新品获得临床批件，每两到三年将有新品收获。 
 
海外市场逐步进入收获期，ANDA 批文稳步推进。预计公司今年下半年在海
外市场将继续收获ANDA 批文，海外业绩在今年下半年及明年上半年会有增
速体现。FDA 加速仿制药批文审评，利弊参半，批文提速同时带来更为激烈
的竞争，还需理性对待。 
盈利预测及投资建议： 
 
我们预计2017-2019 年公司净利润分别为30.87 亿、37.44 亿、46.00 亿，
对应每股收益依次为1.32 元、1.60 元、1.96 元，对应PE 分别为
38.6/31.8/25.9 倍。 
风险提示 
 
招标对仿制药产品价格的影响；创新药研发进展不达预期；海外品种获批低
于预期。 
0
100
200
300
400
500
600
700
37.88
42.99
48.10
53.21
160420
160720
161020
170120
170420
人民币(元) 
成交金额(百万元) 
成交金额 
恒瑞医药 
国金行业 
沪深300 
 
2017 年04 月20 日 
恒瑞医药 (600276.SH)      化学制药行业 
评级：买入      维持评级   
公司点评 
证券研究报告 
用使司公限有理管金基银瑞投国供仅告报此
此报告仅供国投瑞银基金管理有限公司使用
公司点评 
- 2 - 
敬请参阅最后一页特别声明 
 
附录：三张表预测摘要 
 
来源：公司公告、国金证券研究所 
 
 
损益表（人民币百万元）
资产负债表（人民币百万元）
2 0 1 4
2 0 1 5
2 0 1 6
2 0 1 7 E
2 0 1 8 E
2 0 1 9 E
2 0 1 4
2 0 1 5
2 0 1 6
2 0 1 7 E
2 0 1 8 E
2 0 1 9 E
主营业务收入
7 ,4 5 2
9 ,3 1 6
1 1 ,0 9 4
1 3 ,1 0 8
1 5 ,4 3 8
1 8 ,3 9 0
货币资金
3 ,4 4 9
5 ,1 3 3
4 ,9 1 2
7 ,2 5 8
1 1 ,6 5 0
1 4 ,7 1 0
    增长率
2 5 .0 %
1 9 .1 %
1 8 .2 %
1 7 .8 %
1 9 .1 %
应收款项
2 ,9 4 5
3 ,3 6 4
3 ,6 3 4
4 ,6 2 8
4 ,8 1 9
6 ,4 6 0
主营业务成本
-1 ,3 1 3
-1 ,3 7 2
-1 ,4 3 5
-1 ,5 7 9
-1 ,8 0 9
-2 ,0 5 1
存货
5 5 1
5 2 3
6 3 7
6 2 8
7 2 5
8 1 9
    % 销售收入
1 7 .6 %
1 4 .7 %
1 2 .9 %
1 2 .0 %
1 1 .7 %
1 1 .2 %
其他流动资产
2 5 5
3 5 8
2 ,2 1 1
2 8 5
6 4 3
4 3 2
毛利
6 ,1 3 9
7 ,9 4 4
9 ,6 5 9
1 1 ,5 3 0
1 3 ,6 2 9
1 6 ,3 3 9
流动资产
7 ,2 0 0
9 ,3 7 8
1 1 ,3 9 3
1 2 ,8 0 0
1 7 ,8 3 7
2 2 ,4 2 0
    % 销售收入
8 2 .4 %
8 5 .3 %
8 7 .1 %
8 8 .0 %
8 8 .3 %
8 8 .8 %
    % 总资产
7 9 .2 %
8 1 .6 %
7 9 .5 %
7 4 .7 %
8 3 .1 %
8 5 .5 %
营业税金及附加
-1 3 3
-1 5 6
-2 0 3
-2 4 0
-2 8 3
-3 3 7
长期投资
5
7 9
8 1
1
-8 1
-1 6 2
    % 销售收入
1 .8 %
1 .7 %
1 .8 %
1 .8 %
1 .8 %
1 .8 %
固定资产
1 ,6 2 4
1 ,7 7 0
2 ,4 7 4
2 ,8 5 5
3 ,3 4 9
3 ,7 0 4
营业费用
-2 ,8 4 4
-3 ,5 2 5
-4 ,3 5 2
-5 ,1 1 2
-5 ,9 4 4
-7 ,0 8 0
    % 总资产
1 7 .9 %
1 5 .4 %
1 7 .3 %
1 6 .7 %
1 5 .6 %
1 4 .1 %
    % 销售收入
3 8 .2 %
3 7 .8 %
3 9 .2 %
3 9 .0 %
3 8 .5 %
3 8 .5 %
无形资产
2 0 0
1 9 6
2 8 9
2 8 0
2 7 0
2 6 0
管理费用
-1 ,4 6 4
-1 ,8 4 3
-2 ,2 6 6
-2 ,7 1 3
-3 ,2 5 7
-3 ,8 6 2
非流动资产
1 ,8 8 7
2 ,1 1 8
2 ,9 3 7
4 ,3 3 6
3 ,6 1 7
3 ,8 0 4
    % 销售收入
1 9 .6 %
1 9 .8 %
2 0 .4 %
2 0 .7 %
2 1 .1 %
2 1 .0 %
    % 总资产
2 0 .8 %
1 8 .4 %
2 0 .5 %
2 5 .3 %
1 6 .9 %
1 4 .5 %
息税前利润（E B IT ）
1 ,6 9 9
2 ,4 2 0
2 ,8 3 8
3 ,4 6 4
4 ,1 4 5
5 ,0 6 1
资产总计
9 ,0 8 7
1 1 ,4 9 7
1 4 ,3 3 0
1 7 ,1 3 6
2 1 ,4 5 4
2 6 ,2 2 4
    % 销售收入
2 2 .8 %
2 6 .0 %
2 5 .6 %
2 6 .4 %
2 6 .9 %
2 7 .5 %
短期借款
0
1 0
0
0
0
0
财务费用
8 1
1 4 8
1 6 6
1 4 0
2 1 7
3 0 3
应付款项
5 5 0
8 2 0
1 ,0 5 8
9 2 3
1 ,1 7 9
1 ,2 0 8
    % 销售收入
-1 .1 %
-1 .6 %
-1 .5 %
-1 .1 %
-1 .4 %
-1 .6 %
其他流动负债
1 6 4
2 2 3
3 0 7
2 1 0
4 1 7
3 4 5
资产减值损失
-7
-7
5
0
0
0
流动负债
7 1 5
1 ,0 5 3
1 ,3 6 5
1 ,1 3 3
1 ,5 9 6
1 ,5 5 3
公允价值变动收益
0
0
0
0
0
0
长期贷款
1 0
0
0
0
0
0
投资收益
0
-3
1 5
0
0
0
其他长期负债
7 2
8 6
9 1
0
0
0
    % 税前利润
0 .0 %
n .a
0 .5 %
0 .0 %
0 .0 %
0 .0 %
负债
7 9 7
1 ,1 3 9
1 ,4 5 6
1 ,1 3 3
1 ,5 9 6
1 ,5 5 3
营业利润
1 ,7 7 2
2 ,5 5 9
3 ,0 2 4
3 ,6 0 4
4 ,3 6 3
5 ,3 6 4
普通股股东权益
7 ,9 3 4
9 ,9 3 1
1 2 ,3 8 8
1 5 ,4 6 3
1 9 ,2 5 8
2 3 ,9 9 1
  营业利润率
2 3 .8 %
2 7 .5 %
2 7 .3 %
2 7 .5 %
2 8 .3 %
2 9 .2 %
少数股东权益
3 5 5
4 2 6
4 8 6
5 4 0
6 0 0
6 8 0
营业外收支
2 7
3
-1 1
-1 1
-1 1
-1 1
负债股东权益合计
9 ,0 8 7
1 1 ,4 9 7
1 4 ,3 3 0
1 7 ,1 3 6
2 1 ,4 5 4
2 6 ,2 2 4
税前利润
1 ,8 0 0
2 ,5 6 2
3 ,0 1 3
3 ,5 9 3
4 ,3 5 2
5 ,3 5 3
    利润率
2 4 .1 %
2 7 .5 %
2 7 .2 %
2 7 .4 %
2 8 .2 %
2 9 .1 %
比率分析
所得税
-2 2 7
-3 3 8
-3 7 9
-4 5 2
-5 4 7
-6 7 3
2 0 1 4
2 0 1 5
2 0 1 6
2 0 1 7 E
2 0 1 8 E
2 0 1 9 E
  所得税率
1 2 .6 %
1 3 .2 %
1 2 .6 %
1 2 .6 %
1 2 .6 %
1 2 .6 %
每股指标
净利润
1 ,5 7 3
2 ,2 2 4
2 ,6 3 4
3 ,1 4 1
3 ,8 0 4
4 ,6 7 9
每股收益
1 .0 0 8
1 .1 1 0
1 .1 0 3
1 .3 1 5
1 .5 9 5
1 .9 5 9
少数股东损益
5 7
5 2
4 5
5 4
6 0
8 0
每股净资产
5 .2 7 2
5 .0 7 6
5 .2 7 7
6 .5 8 7
8 .2 0 4
1 0 .2 2 0
归属于母公司的净利
1 ,5 1 6
2 ,1 7 2
2 ,5 8 9
3 ,0 8 7
3 ,7 4 4
4 ,6 0 0
每股经营现金净流
1 .0 4 6
1 .1 6 4
1 .1 0 4
1 .3 0 3
2 .1 8 9
1 .5 6 6
    净利率
2 0 .3 %
2 3 .3 %
2 3 .3 %
2 3 .5 %
2 4 .3 %
2 5 .0 %
每股股利
0 .4 0 0
0 .4 0 0
0 .1 3 5
0 .1 3 5
0 .1 3 5
0 .1 3 5
回报率
现金流量表（人民币百万元）
净资产收益率
1 9 .1 0 %
2 1 .8 7 %
2 0 .9 0 %
1 9 .9 6 %
1 9 .4 4 %
1 9 .1 7 %
2 0 1 4
2 0 1 5
2 0 1 6
2 0 1 7 E
2 0 1 8 E
2 0 1 9 E
总资产收益率
1 6 .6 8 %
1 8 .8 9 %
1 8 .0 7 %
1 8 .0 1 %
1 7 .4 5 %
1 7 .5 4 %
净利润
1 ,5 7 3
2 ,2 2 4
2 ,6 3 4
3 ,1 4 1
3 ,8 0 4
4 ,6 7 9
投入资本收益率
1 7 .8 9 %
2 0 .2 6 %
1 9 .2 7 %
1 8 .9 2 %
1 8 .2 5 %
1 7 .9 3 %
非现金支出
2 2 0
2 3 0
2 4 9
3 0 7
3 8 4
4 7 4
增长率
非经营收益
-2 1
-7
-3 3
-1 ,0 9 6
1 ,1 3 3
8 8
主营业务收入增长率
2 0 .1 4 %
2 5 .0 1 %
1 9 .0 8 %
1 8 .1 6 %
1 7 .7 7 %
1 9 .1 2 %
营运资金变动
-1 9 8
-1 6 9
-2 5 9
7 0 8
-1 8 3
-1 ,5 6 6
E B IT 增长率
1 8 .9 2 %
4 2 .4 9 %
1 7 .2 8 %
2 2 .0 4 %
1 9 .6 7 %
2 2 .0 8 %
经营活动现金净流
1 ,5 7 4
2 ,2 7 7
2 ,5 9 1
3 ,0 6 0
5 ,1 3 8
3 ,6 7 5
净利润增长率
2 2 .4 1 %
4 3 .2 8 %
1 9 .2 2 %
1 9 .2 3 %
2 1 .2 9 %
2 2 .8 5 %
资本开支
-2 9 8
-3 9 4
-1 ,1 1 0
-6 9 1
-8 7 9
-8 3 0
总资产增长率
2 5 .8 5 %
2 6 .5 2 %
2 4 .6 4 %
1 9 .5 8 %
2 5 .2 0 %
2 2 .2 3 %
投资
0
-7 6
-1 ,5 4 3
8 0
8 1
8 1
资产管理能力
其他
0
0
4
0
0
0
应收账款周转天数
8 2 .2
7 6 .2
7 2 .7
7 4 .4
7 3 .5
7 4 .0
投资活动现金净流
-2 9 8
-4 7 0
-2 ,6 5 0
-6 1 1
-7 9 8
-7 4 9
存货周转天数
1 3 6 .3
1 4 2 .9
1 4 7 .5
1 4 5 .2
1 4 6 .3
1 4 5 .8
股权募资
1 3 6
1 9
1 4
3 0 5
3 6 8
4 5 0
应付账款周转天数
9 4 .3
1 1 8 .2
1 5 8 .6
1 3 8 .4
1 4 8 .5
1 4 3 .5
债权募资
-1 0
0
-1 0
-9 1
0
0
固定资产周转天数
6 6 .9
5 5 .8
5 5 .2
5 0 .6
4 6 .3
4 1 .5
其他
-1 2 2
-1 4 2
-1 6 8
-3 1 7
-3 1 7
-3 1 7
偿债能力
筹资活动现金净流
4
-1 2 3
-1 6 4
-1 0 2
5 1
1 3 3
净负债/ 股东权益
-4 1 .4 8 %
-4 9 .4 6 %
-3 8 .1 5 %
-4 5 .3 5 %
-5 8 .6 6 %
-5 9 .6 2 %
E B IT 利息保障倍数
-2 1 .1
-1 6 .3
-1 7 .1
-2 4 .7
-1 9 .1
-1 6 .7
现金净流量
1 ,2 8 0
1 ,6 8 4
-2 2 2
2 ,3 4 6
4 ,3 9 1
3 ,0 6 0
资产负债率
8 .7 7 %
9 .9 1 %
1 0 .1 6 %
6 .6 1 %
7 .4 4 %
5 .9 2 %
公司点评 
- 3 - 
敬请参阅最后一页特别声明 
 
 
市场中相关报告评级比率分析 
日期 
一周内 
一月内 
二月内 
三月内 
六月内 
买入 
0 
0 
4 
12 
32 
增持 
0 
0 
1 
2 
8 
中性 
0 
0 
0 
0 
1 
减持 
0 
0 
0 
0 
0 
评分 
0.00 
0.00 
1.20 
1.14 
1.24 
来源：朝阳永续 
市场中相关报告评级比率分析说明： 
市场中相关报告投资建议为“买入”得1 分，为
“增持”得2 分，为“中性”得3 分，为“减持”得4
分，之后平均计算得出最终评分，作为市场平均投资建
议的参考。 
最终评分与平均投资建议对照： 
1.00  =买入； 1.01~2.0=增持 ； 2.01~3.0=中性 
3.01~4.0=减持 
 
历史推荐和目标定价(人民币) 
序号 
日期 
评级 
市价 
目标价 
1 
2015-06-24 
买入 
45.27 
N/A 
2 
2015-08-25 
买入 
39.63 60.00～60.00 
3 
2015-09-07 
买入 
41.91 60.00～60.00 
4 
2015-10-28 
买入 
51.45 60.00～60.00 
5 
2015-12-01 
买入 
49.48 60.00～60.00 
6 
2016-02-22 
买入 
45.53 60.00～60.00 
7 
2016-04-26 
买入 
46.52 60.00～60.00 
8 
2017-03-15 
买入 
50.76 58.40～60.00 
来源：国金证券研究所 
 
 
 
 
长期竞争力评级的说明： 
长期竞争力评级着重于企业基本面，评判未来两年后公司综合竞争力与所属行业上市公司均值比较结果。 
 
 
优化市盈率计算的说明： 
行业优化市盈率中，在扣除行业内所有亏损股票后，过往年度计算方法为当年年末收盘总市值与当年股 
票净利润总和相除，预期年度为报告提供日前一交易日收盘总市值与前一年度股票净利润总和相除。 
 
 
投资评级的说明： 
买入：预期未来6－12 个月内上涨幅度在15%以上； 
增持：预期未来6－12 个月内上涨幅度在5%－15%； 
中性：预期未来6－12 个月内变动幅度在 -5%－5%； 
减持：预期未来6－12 个月内下跌幅度在5%以上。 
 
0
500
1,000
1,500
2,000
37.47
42.58
47.69
52.80
150420
150720
151020
160120
160420
160720
161020
170120
170420
成交量 
人民币(元) 
历史推荐与股价 
公司点评 
- 4 - 
敬请参阅最后一页特别声明 
 
 
  
上海 
北京 
深圳 
电话：021-60753903 
传真：021-61038200 
邮箱：researchsh@gjzq.com.cn 
邮编：201204 
地址：上海浦东新区芳甸路1088 号 
           紫竹国际大厦7 楼 
电话：010-66216979 
传真：010-66216793 
邮箱：researchbj@gjzq.com.cn 
邮编：100053 
地址：中国北京西城区长椿街3 号4 层 
电话：0755-83831378 
传真：0755-83830558 
邮箱：researchsz@gjzq.com.cn 
邮编：518000 
地址：中国深圳福田区深南大道4001 号 
           时代金融中心7BD 
 
 
特别声明：  
国金证券股份有限公司经中国证券监督管理委员会批准，已具备证券投资咨询业务资格。 
本报告版权归“国金证券股份有限公司”（以下简称“国金证券”）所有，未经事先书面授权，本报告的任何部分均
不得以任何方式制作任何形式的拷贝，或再次分发给任何其他人，或以任何侵犯本公司版权的其他方式使用。经过
书面授权的引用、刊发，需注明出处为“国金证券股份有限公司”，且不得对本报告进行任何有悖原意的删节和修
改。 
本报告的产生基于国金证券及其研究人员认为可信的公开资料或实地调研资料，但国金证券及其研究人员对这
些信息的准确性和完整性不作任何保证，对由于该等问题产生的一切责任，国金证券不作出任何担保。且本报告中
的资料、意见、预测均反映报告初次公开发布时的判断，在不作事先通知的情况下，可能会随时调整。 
客户应当考虑到国金证券存在可能影响本报告客观性的利益冲突，而不应视本报告为作出投资决策的唯一因
素。本报告亦非作为或被视为出售或购买证券或其他投资标的邀请。 
证券研究报告是用于服务机构投资者和投资顾问的专业产品，使用时必须经专业人士进行解读。国金证券建议
客户应考虑本报告的任何意见或建议是否符合其特定状况，以及（若有必要）咨询独立投资顾问。报告本身、报告
中的信息或所表达意见也不构成投资、法律、会计或税务的最终操作建议，国金证券不就报告中的内容对最终操作
建议做出任何担保。 
在法律允许的情况下，国金证券的关联机构可能会持有报告中涉及的公司所发行的证券并进行交易，并可能为
这些公司正在提供或争取提供多种金融服务。 
本报告反映编写分析员的不同设想、见解及分析方法，故本报告所载观点可能与其他类似研究报告的观点及市
场实际情况不一致，且收件人亦不会因为收到本报告而成为国金证券的客户。 
         本报告仅供国金证券股份有限公司的机构客户使用；非国金证券客户擅自使用国金证券研究报告进行投资，遭
受任何损失，国金证券不承担相关法律责任。 
 
