 
⚫ 
⚫ 
⚫ 
⚫ 
⚫ 
⚫ 
⚫ 

 

 



 
 
 
 
-20%
0%
20%
40%
300
 
 
17694.53 
18969.71 
20638.85 
21100.62 
78111.57 
84198.00 
85477.39 
86088.59 
7778.44 
5563.85 
6805.21 
7758.60 
32942.55 
35398.99 
36340.54 
36292.02 
8510.34 
11743.24 
12215.39 
11716.92 
1601.62 
1726.42 
1709.55 
1721.77 
301.16 
455.19 
409.09 
416.46 
192.39 
168.40 
170.95 
172.18 
77.01 
98.15 
94.41 
94.82 
1363.31 
1431.37 
1410.38 
1377.42 
586.55 
673.25 
677.66 
676.15 
12556.41 
10455.76 
9693.72 
8893.92 
441.03 
436.04 
437.10 
437.67 
-42.49 
0.00 
0.00 
0.00 
554248.01 
563067.42 
564793.52 
566029.55 
-162.88 
0.00 
0.00 
0.00 
71684.28 
76184.28 
81015.23 
85683.73 
4750.17 
5262.38 
5556.03 
5854.02 
444899.37 
444528.18 
439031.99 
433085.79 
33220.29 
39445.88 
40947.54 
42805.20 
23781.54 
25124.41 
25979.59 
26829.02 
80.85 
50.00 
50.00 
50.00 
13882.82 
17230.55 
18766.71 
20431.00 
888.16 
700.00 
700.00 
700.00 
571942.54 
582037.13 
585432.37 
587130.17 
32412.98 
38795.88 
40297.54 
42155.20 
143871.09 
148039.18 
164899.43 
179554.53 
4456.57 
5470.22 
5762.55 
6112.50 
53985.43 
65985.43 
80985.43 
95985.43 
27956.40 
33325.66 
34534.99 
36042.70 
1295.64 
1266.57 
1321.43 
1330.57 
717.43 
799.82 
828.84 
865.02 
88590.02 
80787.18 
82592.57 
82238.53 
27238.97 
32525.85 
33706.15 
35177.67 
215772.63 
212186.69 
190186.69 
168186.69 
60395.81 
69883.94 
70736.14 
72252.08 
186690.13 
184690.13 
172690.13 
160690.13 
1.11 
1.33 
1.38 
1.44 
29082.50 
27496.55 
17496.55 
7496.55 
359643.72 
360225.87 
355086.12 
347741.21 
10968.79 
11768.61 
12597.45 
13462.48 
13.43%
7.79%
1.52%
0.72%
201330.03 
210042.65 
217748.81 
225926.48 
9.32%
18.74%
3.81%
4.54%
571942.54 
582037.13 
585432.37 
587130.17 
14.81%
19.41%
3.63%
4.37%
57.83%
57.96%
57.49%
57.84%
34.87%
38.63%
39.43%
40.86%
64718.72 
56984.41 
61583.48 
61184.36 
13.53%
15.49%
15.48%
15.57%
27956.40 
33325.66 
34534.99 
36042.70 
6.73%
7.88%
7.96%
8.08%
19212.74 
20632.30 
20744.88 
21202.96 
62.88%
61.89%
60.65%
59.23%
12765.51 
10572.44 
9777.18 
8996.00 
144.78%
139.54%
130.80%
122.53%
-4750.17 
-5262.38 
-5556.03 
-5854.02 
0.12 
0.13 
0.13 
0.12 
9271.35 
-3273.05 
1432.47 
146.72 
0.12 
0.12 
0.12 
0.11 
262.89 
989.44 
650.00 
650.00 
0.14 
0.15 
0.15 
0.15 
-12805.99 
-24837.71 
-17564.95 
-17234.97 
6.58 
8.31 
7.14 
7.19 
-12225.60 
-24020.09 
-18283.27 
-18409.76 
29.34 
27.63 
28.08 
27.37 
-2736.44 
-4518.27 
-4837.71 
-4679.23 
1.11 
1.33 
1.38 
1.44 
2156.06 
3700.66 
5556.03 
5854.02 
2.65 
2.33 
2.52 
2.50 
-54802.28 
-34315.53 
-42777.18 
-42996.00 
8.23 
8.58 
8.90 
9.23 
27233.07 
12000.00 
15000.00 
15000.00 
26.02 
21.79 
21.03 
20.15 
-3556.58 
-2000.00 
-12000.00 
-12000.00 
3.52 
3.37 
3.26 
3.14 
-78478.78 
-44315.53 
-45777.18 
-45996.00 
14.54 
14.57 
14.28 
13.87 
-2862.01 
-2214.59 
1241.36 
953.39 
9.07 
8.42 
8.29 
8.23 
 
 
