 
⚫ 
⚫ 
⚫ 
⚫ 
⚫ 
⚫ 
⚫ 

 

 



 
 
 
 
 
17189.98 
15978.15 
16412.70 
16883.66 
84491.87 
85806.26 
86443.10 
87118.15 
6555.34 
5165.93 
5536.05 
5925.24 
34528.35 
32835.87 
32420.21 
32617.99 
9326.62 
9534.03 
9604.79 
9679.79 
1968.01 
4076.25 
4090.90 
4106.42 
322.99 
328.92 
331.37 
333.95 
188.14 
180.19 
172.89 
174.24 
87.36 
83.08 
82.03 
82.53 
1562.25 
1561.67 
1555.98 
1550.70 
641.98 
610.51 
602.78 
606.46 
11131.34 
10123.57 
9354.20 
8726.05 
255.68 
255.68 
255.68 
255.68 
-14.33 
0.00 
0.00 
0.00 
548882.00 
549466.88 
550071.93 550840.79 
211.84 
0.00 
0.00 
0.00 
73319.36 
79319.36 
85819.36 
92819.36 
5257.62 
5448.70 
5601.51 
5784.64 
430424.89 
423558.34 
415849.29 407312.75 
39645.36 
41582.90 
43550.55 
44833.14 
25458.64 
26728.64 
27978.64 
29208.64 
5.15 
50.00 
50.00 
50.00 
19679.11 
19860.54 
20424.64 
21500.04 
788.14 
700.00 
700.00 
700.00 
566071.98 
565445.03 
566484.63 567724.45 
38862.38 
40932.90 
42900.55 
44183.14 
159555.99 
158310.98 
158825.61 
159411.78 
5932.18 
6344.60 
6649.59 
6848.39 
69692.43 
74692.43 
74692.43 
74692.43 
32930.20 
34588.30 
36250.97 
37334.76 
1611.45 
1532.46 
1513.07 
1522.30 
434.03 
460.02 
485.76 
504.02 
88252.10 
82086.08 
82620.12 
83197.05 
32496.17 
34128.27 
35765.20 
36830.74 
184560.10 
174641.56 
164641.56 154641.56 
65094.05 
71209.01 
72775.30 
73782.74 
158588.39 
158588.39 
158588.39 148588.39 
1.33 
1.39 
1.46 
1.51 
25971.71 
16053.17 
6053.17 
6053.17 
344116.09 
332952.54 
323467.17 314053.34 
11667.48 
12127.51 
12613.27 
13117.29 
8.12%
1.56%
0.74%
0.78%
210288.41 
220364.99 
230404.18 240553.82 
19.30%
4.89%
4.73%
2.95%
566071.98 
565445.03 
566484.63 567724.45 
19.28%
5.02%
4.80%
2.98%
59.13%
61.73%
62.50%
62.56%
38.46%
39.77%
41.37%
42.28%
59648.47 
60741.29 
61726.84 
62408.32 
15.45%
15.49%
15.52%
15.31%
32930.20 
34588.30 
36250.97 
37334.76 
7.39%
8.33%
8.51%
8.61%
19779.81 
20152.55 
20520.55 
20873.55 
60.79%
58.88%
57.10%
55.32%
11307.12 
10221.90 
9431.69 
8809.09 
131.07%
120.62%
111.13%
102.37%
-5257.62 
-5448.70 
-5601.51 
-5784.64 
0.11 
0.10 
0.10 
0.11 
1070.83 
435.94 
450.21 
504.39 
0.10 
0.09 
0.10 
0.10 
-181.87 
791.30 
674.94 
671.18 
0.15 
0.15 
0.15 
0.15 
-10775.20 
-15944.06 
-16174.08 
-16507.76 
9.47 
9.10 
9.03 
9.04 
-14410.54 
-15307.53 
-15275.60 
-15292.41 
22.37 
20.89 
21.29 
21.49 
1087.29 
-6000.00 
-6500.00 
-7000.00 
1.33 
1.39 
1.46 
1.51 
2548.04 
5363.47 
5601.51 
5784.64 
2.44 
2.48 
2.52 
2.55 
-50193.75 
-46173.49 
-45182.64 
-45511.37 
8.59 
9.01 
9.42 
9.83 
15707.00 
5000.00 
0.00 
0.00 
20.98 
19.98 
19.07 
18.52 
-28419.30 
0.00 
0.00 
-10000.00 
3.24 
3.09 
2.96 
2.83 
-37481.45 
-51173.49 
-45182.64 
-35511.37 
15.58 
13.51 
13.08 
12.76 
-1303.41 
-1389.41 
370.12 
389.19 
8.07 
7.95 
7.89 
7.83 
 
 
