 
 
1 
 
 
 
◆ 
◆ 
◆ 
◆ 
◆ 
17580.69 
29659.61 
32698.02 
36832.87 
-7.97%
68.71%
10.24%
12.65%
533.90 
674.72 
769.51 
1022.08 
-45.15%
26.38%
14.05%
32.82%
0.56 
0.71 
0.81 
1.07 
75.23 
59.53 
52.20 
39.30 
 
 
资料来源：iFind，中航证券研究所 
 
利润表（百万元）
2023A
2024E
2025E
2026E
资产负债表（百万元）
2023A
2024E
2025E
2026E
营业收入
17580.69
29659.61
32698.02
36832.87
货币资金
6247.02
2965.96
3269.80
3683.29
营业成本
14194.50
25174.19
27771.81
31184.87
应收票据及账款
5430.14
9160.96
10099.43
11376.56
税金及附加
123.84
208.92
230.32
259.45
预付账款
91.78
154.83
170.69
192.28
销售费用
578.27
830.47
915.54
994.49
其他应收款
86.71
146.29
161.27
181.67
管理费用
1374.33
1809.24
1961.88
2173.14
存货
715.47
1268.90
1399.84
1571.87
研发费用
956.64
1127.07
1242.52
1399.65
其他流动资产
64.06
108.07
119.14
134.21
财务费用
17.10
58.68
30.31
32.20
流动资产总计
12635.19
13805.01
15220.18
17139.88
资产减值损失
-3.70
0.00
0.00
0.00
长期股权投资
2.50
2.50
2.50
2.50
信用减值损失
-37.81
-63.79
-70.32
-79.22
固定资产
1028.95
876.79
722.94
567.42
其他经营损益
0.00
0.00
0.00
0.00
在建工程
64.31
53.59
42.87
32.15
投资收益
13.76
20.00
20.00
20.00
无形资产
537.85
450.83
363.29
275.22
公允价值变动损益
-31.79
0.00
0.00
0.00
长期待摊费用
70.26
35.13
0.00
0.00
资产处置收益
5.76
5.76
5.76
5.76
其他非流动资产
1278.48
1273.56
1268.64
1263.73
其他收益
203.00
203.00
203.00
203.00
非流动资产合计
2982.34
2692.40
2400.25
2141.03
营业利润
485.23
616.01
704.05
938.62
资产总计
15617.53
16497.41
17620.43
19280.90
营业外收入
39.31
39.31
39.31
39.31
短期借款
2371.84
907.00
950.22
1151.79
营业外支出
28.70
28.70
28.70
28.70
应付票据及账款
199.44
353.71
390.21
438.16
其他非经营损益
0.00
0.00
0.00
0.00
其他流动负债
2185.51
3819.39
4212.33
4730.60
利润总额
495.85
626.63
714.67
949.24
流动负债合计
4756.79
5080.09
5552.76
6320.55
所得税
9.14
11.55
13.17
17.49
长期借款
101.24
42.73
-8.41
-47.48
净利润
486.71
615.08
701.50
931.75
其他非流动负债
160.03
160.03
160.03
160.03
少数股东损益
-47.19
-59.63
-68.01
-90.34
非流动负债合计
261.27
202.76
151.62
112.55
归属母公司股东净利润
533.90
674.72
769.51
1022.08
负债合计
5018.05
5282.86
5704.37
6433.10
现金流量表（百万元）
2023A
2024E
2025E
2026E
股本
952.94
952.94
952.94
952.94
经营活动现金流净额
672.05
-1720.38
320.73
261.83
资本公积
6323.86
6323.86
6323.86
6323.86
投资活动现金流净额
-918.61
21.35
21.35
21.35
留存收益
3284.12
3958.83
4728.34
5750.43
筹资活动现金流净额
-56.83
-1582.03
-38.23
130.31
归属母公司权益
10560.92
11235.64
12005.15
13027.23
现金流量净额
-300.44
-3281.06
303.84
413.49
少数股东权益
38.55
-21.08
-89.09
-179.43
股东权益合计
10599.47
11214.56
11916.06
12847.80
负债和股东权益合计
15617.53
16497.41
17620.43
19280.90
