 
⚫ 
⚫ 
⚫ 
⚫ 
⚫ 
⚫ 
205018.12 
235525.00 
252015.00 
266313.00 
7.82 
14.88 
7.00 
5.67 
29017.39 
32779.41 
36146.92 
38787.66 
18.41 
12.96 
10.27 
7.31 
5.18 
5.85 
6.45 
6.92 
8.77 
7.77 
7.04 
6.56 

 

 
 
 
 
 
228141.31 
485603.45 
553335.70 618833.45 
205018.12 235525.00 
252015.00 266313.00 
124104.99 
198469.30 
250633.74 302988.27 
141752.45 164236.00 
175992.00 185954.00 
16099.48 
63120.16 
66626.96 
69534.67 
2114.18 
2186.44 
2339.52 
2472.25 
826.56 
2545.29 
2723.50 
2878.02 
17129.64 
15942.31 
17058.49 
18026.30 
2492.65 
11719.15 
12558.00 
13268.84 
6542.16 
8479.11 
9072.76 
9587.50 
32579.14 
108368.93 
115211.87 
120857.95 
-3526.52 
-1613.36 
-2580.10 
-3258.24 
52038.50 
101380.62 
105581.63 109305.70 
-2493.58 
-1198.00 
-1000.00 
-1000.00 
139912.59 
145778.80 
138152.37 131829.24 
437.58 
0.00 
0.00 
0.00 
4488.97 
3938.97 
3938.97 
3938.97 
217.16 
285.38 
305.36 
322.68 
34034.83 
33070.18 
30259.16 
27180.95 
32864.78 
37299.10 
41126.51 
44127.90 
10827.69 
10394.31 
9960.92 
9527.53 
128.37 
80.00 
80.00 
80.00 
90561.10 
98375.34 
93993.32 
91181.79 
177.45 
123.00 
123.00 
123.00 
368053.90 
631382.25 
691488.07 750662.70 
32815.70 
37256.10 
41083.51 
44084.90 
200983.30 
440365.77 
471370.71 498910.27 
5096.68 
5737.44 
6326.86 
6789.07 
26443.48 
33820.15 
41196.82 
48573.49 
27719.02 
31518.66 
34756.65 
37295.82 
41147.36 
148332.28 
158949.89 167947.22 
-1298.36 
-1260.75 
-1390.27 
-1491.83 
133392.46 
258213.35 
271224.00 282389.55 
29017.39 
32779.41 
36146.92 
38787.66 
46424.45 
40554.14 
35013.37 
29472.61 
33999.94 
40974.18 
44038.24 
46558.19 
39035.74 
33498.31 
27960.88 
22423.45 
5.18 
5.85 
6.45 
6.92 
7388.71 
7055.83 
7052.49 
7049.16 
247407.75 
480919.91 
506384.08 528382.88 
3852.44 
2591.69 
1201.42 
-290.41 
7.82%
14.88%
7.00%
5.67%
116793.72 
147870.65 
183902.57 222570.22 
20.45%
13.49%
10.26%
7.30%
368053.90 
631382.25 
691488.07 750662.70 
18.41%
12.96%
10.27%
7.31%
 
 
 
 
30.57% 
30.27% 
30.17% 
30.17% 
14.23%
13.92%
14.34%
14.56%
56398.43 
98770.39 
49751.80 
51429.58 
24.84%
22.17%
19.66%
17.43%
27719.02 
31518.66 
34756.65 
37295.82 
11.69%
12.82%
11.99%
11.12%
5283.33 
5331.44 
5534.83 
5731.53 
67.22%
76.17%
73.23%
70.39%
-3910.05 
0.00 
0.00 
0.00 
-30.88%
-75.61%
-88.65%
-96.55%
-217.16 
-285.38 
-305.36 
-322.68 
1.14 
1.10 
1.17 
1.24 
29670.32 
60682.50 
7722.22 
6681.43 
0.80 
0.74 
0.82 
0.89 
-2147.04 
1523.16 
2043.45 
2043.48 
0.57 
0.47 
0.38 
0.37 
-41017.22 
-20459.55 
693.09 
-789.61 
13.19 
5.95 
3.88 
3.91 
-3494.44 
752.58 
-543.45 
-2043.48 
3.83 
1.73 
1.15 
1.14 
-62618.89 
1480.05 
930.05 
930.05 
5.18 
5.85 
6.45 
6.92 
25096.12 
-22692.18 
306.49 
323.81 
10.07 
17.63 
8.88 
9.18 
-16357.82 
-4020.17 
1719.55 
1714.55 
20.85 
26.40 
32.83 
39.73 
-26452.37 
7376.67 
7376.67 
7376.67 
8.77 
7.77 
7.04 
6.56 
8251.50 
-5537.43 
-5537.43 
-5537.43 
2.18 
1.72 
1.38 
1.14 
1843.06 
-5859.41 
-119.69 
-124.69 
4.23 
3.44 
2.05 
0.86 
-840.46 
74364.31 
52164.44 
52354.52 
1.25 
1.08 
1.01 
0.96 
 
 
