 
 
 
1 
 
 
 
◆ 
◆ 
◆ 
IFIND
 
IFIND
 
◆ 
◆ 
 
 
 
 
34102.19 37097.15 44107.37 53414.36 65197.19 
19.10
8.78
18.90
21.10
22.06
1187.62 1267.78 1377.20 
1568.88 
1842.64 
3.63
6.75
8.63
13.92
17.45
12.49
10.82
12.45
12.80
12.91
0.45 
0.48 
0.52 
0.59 
0.69 
83.38 
78.11 
71.90 
63.12 
53.74 
2.64 
2.58
2.52
2.45
2.37
3.17
3.30
3.50
3.88
4.41
IFIND
 
 
IFIND
 
IFIND
 
 
IFIND
 
IFIND
 
 
IFIND
 
 
  
 
 
 
 
 
 
 
 
 
 
 
 
 
 
 
 
 
 
 
 
 
 
 
 
 
 
 
 
 
 
 
 
 
 
 
 
 
 
 
 
 
 
IFIND
 
 
 
