 
 
1 
 
 
 
 
◆ 
◆ 
◆ 
◆ 
◆ 
◆ 
⚫ 2018-2022 年公司中报主要财务数据 
 
 
 
 
 
 
 
 
 
 
利润表（百万元）
2021A
2022E
2023E
2024E
    营业收入
2634.24
2736.46
3181.18
3781.57
 减:营业成本
1645.28
1724.41
2006.96
2391.84
    营业税金及附加
22.26
23.53
25.77
28.74
    销售费用
52.35
55.00
54.08
62.40
    管理费用
261.27
273.92
287.90
306.31
    财务费用
-54.92
-101.79
-93.52
-86.51
    资产减值损失
0.00
40.00
10.00
5.00
 加:投资收益
4.36
-12.00
-10.00
-12.00
    公允价值变动损益
-0.41
-0.41
-0.41
-0.41
    其他经营损益
0.00
0.00
0.00
0.00
    营业利润
841.85
708.97
879.58
1061.39
 加:其他非经营损益
3.23
229.23
159.23
129.23
    利润总额
845.08
938.21
1038.82
1190.63
 减:所得税
117.59
127.84
141.06
162.53
    净利润
727.48
810.36
897.75
1028.09
 减:少数股东损益
155.18
185.12
198.29
230.97
    归属母公司股东净利润
572.30
625.24
699.47
797.13
资产负债表（百万元）
2021A
2022E
2023E
2024E
    货币资金
4881.03
7413.60
8253.96
9661.53
    应收和预付款项
471.53
499.07
646.75
654.38
    存货
8.29
18.14
23.14
29.29
    其他流动资产
1235.93
1390.65
1574.99
1888.34
    长期股权投资
559.45
559.45
559.45
559.45
    投资性房地产
334.34
342.06
340.12
339.80
    固定资产和在建工程
9249.28
8054.91
7594.90
6788.83
    无形资产和开发支出
1556.04
1522.71
1489.38
1456.05
    其他非流动资产
812.41
1107.63
1402.14
1695.95
    资产总计
19108.30
20908.22
21884.84
23073.63
    短期借款
0.00
0.00
0.00
0.00
    应付和预收款项
424.85
856.84
864.38
951.81
    长期借款
0.00
0.00
0.00
0.00
    其他负债
2908.35
1329.95
1401.27
1474.53
    负债合计
3333.20
2186.79
2265.65
2426.34
    股本
4000.00
4224.39
4224.39
4224.39
    资本公积
5874.71
7790.20
7790.20
7790.20
    留存收益
2127.09
2752.34
3451.80
4248.93
    归属母公司股东权益
12005.71
14589.28
15466.38
16263.51
    少数股东权益
3769.40
3954.52
4152.80
4383.77
    股东权益合计
15775.10
18543.79
19619.19
20647.28
    负债和股东权益合计
19108.30
20730.59
21884.84
23073.63
现金流量表（百万元）
2021A
2022E
2023E
2024E
    经营活动现金流净额
2269.14
601.20
1805.31
2083.15
    投资活动现金流净额
-1406.93
-320.12
-1108.47
-812.09
    筹资活动现金流净额
-255.61
2251.50
143.52
136.51
    现金流量净额
621.15
2532.58
840.35
1407.57
报表预测
