 
⚫ 
⚫ 
⚫ 
⚫ 
⚫ 
⚫ 
 



 

 
 
 
 
 
 
 
⚫ 
 
 
 
 
 
 
 
 
 
 
 
 
去库存
价格战
去库存
价格战
补库存
需求超预期
高温天气
国家补贴
 
 
2024 
 1214.9 
 3.8%
2025
1
121.9
1.4%
 
2024
232 
39.8%
2025
1
17.5
15.5%
 
2024
2025
1
+3.7%
 
 
 
 
 
 
 
 
 
 
 
 
 
 
 
 
 
 
 
 
 
 
 
 
 
 
 
 
 
 
 
 
 
 
228141.31 
255671.36 
285634.56 315498.08 
205018.12 208087.28 
222191.08 233942.93 
124104.99 
133997.46 
159220.84 184965.56 
141752.45 142543.19 
152563.37 160561.97 
16099.48 
15501.34 
16095.81 
16707.27 
2114.18 
1863.16 
1989.80 
2095.27 
826.56 
862.57 
921.20 
970.03 
17129.64 
13456.12 
13486.43 
13968.46 
2492.65 
2563.42 
2743.72 
2887.62 
6542.16 
6831.57 
7295.94 
6984.23 
32579.14 
30947.22 
32873.05 
34449.62 
-3526.52 
-980.62 
-832.93 
-1388.52 
52038.50 
71799.34 
73779.95 
75517.97 
-2493.58 
-700.00 
-300.00 
-200.00 
139912.59 
150319.93 
146922.52 143181.53 
437.58 
0.00 
0.00 
0.00 
4488.97 
3688.97 
3688.97 
3688.97 
217.16 
296.95 
317.13 
333.94 
34034.83 
33005.36 
30986.70 
28498.92 
32864.78 
37706.37 
40824.54 
44836.15 
10827.69 
10394.31 
9960.92 
9527.53 
128.37 
129.66 
130.95 
132.26 
90561.10 
103231.29 
102285.93 
101466.11 
177.45 
178.34 
179.23 
180.12 
368053.90 
405991.28 
432557.08 458679.60 
32815.70 
37657.69 
40776.27 
44788.29 
200983.30 
219341.03 
224691.54 228806.55 
5096.68 
6401.81 
6333.05 
6956.17 
26443.48 
51443.48 
51443.48 
51443.48 
27719.02 
31255.88 
34443.21 
37832.12 
41147.36 
33625.17 
35990.12 
37877.72 
-1298.36 
-1469.03 
-1618.83 
-1778.11 
133392.46 
134272.39 
137257.94 139485.35 
29017.39 
32724.91 
36062.04 
39610.23 
46424.45 
51094.90 
54094.90 
56094.90 
34572.51 
40899.97 
44340.74 
47940.76 
39035.74 
44035.74 
47035.74 
49035.74 
5.18 
5.84 
6.44 
7.07 
7388.71 
7059.16 
7059.16 
7059.16 
247407.75 
270435.93 
278786.44 284901.45 
3852.44 
2383.41 
764.58 
-1013.53 
7.82%
1.50% 
6.78%
5.29% 
116793.72 
133171.94 
153006.06 174791.69 
20.45%
14.73% 
8.27%
9.83% 
368053.90 
405991.28 
432557.08 458679.60 
18.41%
12.78% 
10.20%
9.84% 
30.57%
31.21% 
31.06%
31.09% 
14.23%
15.81% 
16.31%
17.01% 
56398.43 
28450.13 
45512.57 
48520.45 
24.84%
24.57% 
23.57%
22.66% 
27719.02 
31255.88 
34443.21 
37832.12 
11.92%
12.25% 
12.51%
12.57% 
5283.33 
4222.91 
4397.41 
4540.99 
67.22%
66.61% 
64.45%
62.11% 
-3910.05 
2122.00 
2517.00 
2592.00 
-30.88%
-15.58% 
-28.19%
-38.61% 
-217.16 
-296.95 
-317.13 
-333.94 
1.14 
1.17 
1.27 
1.38 
29670.32 
-9102.08 
3764.82 
3489.91 
0.80 
0.84 
0.96 
1.08 
-2147.04 
248.37 
707.25 
399.36 
0.57 
0.54 
0.53 
0.52 
-41017.22 
-26010.38 
-4544.27 
-4359.12 
13.19 
13.10 
13.99 
14.19 
-3494.44 
-1613.63 
-907.25 
-699.36 
3.83 
3.81 
4.38 
4.34 
-62618.89 
-1715.00 
-3954.15 
-3993.69 
5.18 
5.84 
6.44 
7.07 
25096.12 
-22681.74 
317.13 
333.94 
10.07 
5.08 
8.13 
8.66 
-16357.82 
7379.07 
-15744.92 
-18416.61 
20.85 
23.77 
27.32 
31.20 
-26452.37 
25000.00 
0.00 
0.00 
8.12 
7.20 
6.53 
5.95 
8251.50 
5000.00 
3000.00 
2000.00 
2.02 
1.77 
1.54 
1.35 
1843.06 
-22620.93 
-18744.92 
-20416.61 
4.16 
5.24 
4.34 
3.51 
-840.46 
9892.47 
25223.38 
25744.73 
1.15 
1.14 
1.07 
1.01 
 
 
