 
⚫ 
⚫ 
⚫ 
⚫ 
⚫ 
⚫ 

 

 
 
 
 
 
260295.09 
284659.95 
308577.68 
331503.51 
12.21 
9.36 
8.40 
7.43 
3768.00 
5202.06 
5732.25 
6307.37 
-32.92 
38.06 
10.19 
10.03 
12.04 
12.51 
12.27 
12.28 
1.02 
1.40 
1.55 
1.70 
20.15 
14.59 
13.24 
12.03 
1.11 
1.06 
0.98 
0.90 
0.29 
0.27 
0.25 
0.23 
 
 
162433.86 
171618.75 
187300.76 
203275.68 
260295.09 
284659.95 
308577.68 
331503.51 
30517.71  
33699.76  
38635.77  44422.87  
228966.95 
249038.93 
270700.67 
290809.70 
72933.88  
76611.37  
83048.42  89218.52  
738.11 
878.93 
952.78 
1023.56 
3381.13  
3063.97  
3321.42  
3568.18  
13902.19 
17364.26 
18668.95 
19890.21 
3190.04  
4780.16  
5195.95  
5581.93  
5711.83 
6125.21 
6639.86 
7133.17 
36623.39  
38045.36  
41354.60  44426.63  
1485.76 
1293.64 
1312.80 
1296.88 
15787.70  
15418.11  
15744.60  16057.54  
-561.28 
0.00 
0.00 
0.00 
49538.67  
50440.55  
51392.57  52261.78  
404.73 
0.00 
0.00 
0.00 
8351.91  
8351.91  
8351.91  
8351.91  
-68.12 
284.66 
1080.02 
1160.26 
12155.05  
13629.42  
14806.68  15755.56  
7667.23 
8307.44 
9138.84 
10040.70 
6050.84  
6350.84  
6650.84  
6950.84  
40.69 
50.00 
50.00 
50.00 
22980.87  
22108.39  
21583.14  21203.47  
653.63 
200.00 
200.00 
200.00 
211972.53  222059.30 
238693.32 
255537.45 
7054.30 
8157.44 
8988.84 
9890.70 
122371.88 
128684.35 
138803.09 
148416.04 
1887.73 
1682.12 
1853.56 
2039.53 
35560.50  
38560.50  
41560.50  44560.50  
5166.57 
6475.32 
7135.29 
7851.18 
47915.01  
51189.90  
55642.46  59775.87  
1398.57 
1273.26 
1403.03 
1543.80 
38896.37  
38933.96  
41600.13  44079.67  
3768.00 
5202.06 
5732.25 
6307.37 
9274.56  
8459.11  
7839.11  
7219.11  
11354.69 
11289.92 
12229.63 
13198.37 
5786.15  
5286.15  
4786.15  
4286.15  
1.02 
1.40 
1.55 
1.70 
3488.41  
3172.96  
3052.96  
2932.96  
131646.44 
137143.46 
146642.20 
155635.15 
11801.95  
13075.21  
14478.25  16022.05  
12.21%
9.36%
8.40%
7.43%
68524.14  
71840.63  
77572.88  83880.25  
-14.95%
8.35%
10.01%
9.87%
211972.53  222059.30 
238693.32 
255537.45 
-32.92%
38.06%
10.19%
10.03%
12.04% 
12.51% 
12.27% 
12.28% 
1.45%
1.83%
1.86%
1.90%
5231.52  
8032.90  
6400.21  
7246.98  
5.50%
7.24%
7.39%
7.52%
5166.57  
6475.32  
7135.29  
7851.18  
5.21%
5.68%
5.77%
5.85%
2379.46  
1838.84  
1927.99  
2010.79  
62.11%
61.76%
61.44%
60.91%
1862.95  
1903.99  
1986.79  
2069.59  
19.10%
15.90%
11.89%
7.55%
-176.00  
-284.66  
-1080.02  
-1160.26  
1.33 
1.33 
1.35 
1.37 
-4150.70  
-1680.77  
-3627.26  
-3574.87  
0.99 
0.99 
1.00 
1.02 
149.24  
-219.83  
57.43  
50.55  
1.27 
1.31 
1.34 
1.34 
-2491.87  
-2348.82  
-1857.40  
-1770.29  
3.73 
3.81 
3.87 
3.85 
-2791.46  
-2517.36  
-2657.43  
-2650.55  
4.90 
5.03 
5.07 
5.04 
-854.58  
-250.00  
-250.00  
-250.00  
1.02 
1.40 
1.55 
1.70 
1154.17  
418.55  
1050.02  
1130.26  
1.41 
2.17 
1.73 
1.96 
231.85  
-2328.76  
393.21  
310.41  
18.50 
19.39 
20.94 
22.64 
7809.91  
3000.00  
3000.00  
3000.00  
20.15 
14.59 
13.24 
12.03 
-473.64  
-500.00  
-500.00  
-500.00  
1.11 
1.06 
0.98 
0.90 
-7104.42  
-4828.76  
-2106.79  
-2189.59  
6.81 
7.92 
7.10 
6.32 
2965.92  
3332.45  
4936.01  
5787.10  
0.29 
0.27 
0.25 
0.23 
 
 
