 
⚫ 
⚫ 
⚫ 
⚫ 
⚫ 
⚫ 

 

 

 
 
 
 
-40%
-30%
-20%
-10%
0%
10%
20%
30%
长春高新
沪深300
 
 
14566.04 
15059.13 
16501.86 
17792.69 
15.35 
3.39 
9.58 
7.82 
4532.48 
4099.84 
4576.12 
4956.36 
9.47 
-9.55 
11.62 
8.31 
85.97 
84.90 
84.16 
84.26 
11.21 
10.14 
11.32 
12.26 
7.69 
8.50 
7.61 
7.03 
1.58 
1.34 
1.14 
0.98 
2.39 
2.31 
2.11 
1.95 
 
 
18164.86  
21230.35  
25423.77  29666.27  
14566.04 
15059.13 
16501.86 
17792.69 
7583.81  
11304.56  
12068.25  17937.48  
2043.95 
2273.42 
2614.09 
2800.37 
3214.28  
1790.43  
3680.19  
2220.71  
105.93 
120.47 
132.01 
142.34 
1444.95  
1566.88  
1733.49  
1825.05  
3970.19 
4517.74 
4950.56 
5337.81 
619.76  
909.37  
1045.63  
1120.15  
956.87 
1280.03 
1237.64 
1334.45 
4956.29  
5147.81  
6470.35  
5975.72  
-114.09 
-101.61 
-158.49 
-171.01 
345.77  
511.31  
425.85  
587.16  
-166.15 
-19.49 
-19.49 
-19.49 
12578.80  
13802.36  
14930.86  15969.73  
-0.04 
0.00 
0.00 
0.00 
962.40  
982.40  
1002.40  
1022.40  
-126.87 
-75.30 
-82.51 
-88.96 
3802.00  
5450.63  
6854.68  
8065.03  
5588.05 
4946.63 
5513.15 
5965.44 
1723.94  
1823.94  
1923.94  
2023.94  
14.81 
15.00 
15.00 
15.00 
6090.46  
5545.39  
5149.84  
4858.36  
92.59 
85.00 
85.00 
85.00 
30743.65  
35032.71  
40354.63  45636.00  
5510.27 
4876.63 
5443.15 
5895.44 
4799.10  
5056.03  
5709.31  
5930.03  
734.45 
650.00 
725.51 
785.79 
144.47  
174.47  
204.47  
234.47  
4775.82 
4226.64 
4717.64 
5109.65 
790.62  
851.29  
1036.66  
985.83  
243.33 
126.80 
141.53 
153.29 
3864.00  
4030.27  
4468.18  
4709.73  
4532.48 
4099.84 
4576.12 
4956.36 
912.30  
863.30  
814.30  
765.30  
6272.62 
5611.91 
6223.83 
6759.70 
176.62  
126.62  
76.62  
26.62  
11.21 
10.14 
11.32 
12.26 
735.67  
736.67  
737.67  
738.67  
5711.39  
5919.33  
6523.60  
6695.32  
2957.32  
3084.12  
3225.65  
3378.94  
15.35%
3.39%
9.58%
7.82%
22074.93  
26029.26  
30605.37  35561.73  
12.48%
-11.48%
11.45%
8.20%
30743.65  
35032.71  
40354.63  45636.00  
9.47%
-9.55%
11.62%
8.31%
85.97% 
84.90% 
84.16% 
84.26% 
31.12%
27.22%
27.73%
27.86%
5103.69  
5927.86  
2831.45  
7942.39  
20.53%
15.75%
14.95%
13.94%
4775.82  
4226.64  
4717.64  
5109.65  
18.63%
14.10%
13.49%
12.75%
577.79  
641.95  
737.01  
826.65  
18.58%
16.90%
16.17%
14.67%
37.34  
12.15  
11.08  
10.01  
-24.48%
-33.89%
-31.48%
-42.47%
126.87  
75.30  
82.51  
88.96  
3.79 
4.20 
4.45 
5.00 
-573.40  
867.18  
-2821.44  
1802.45  
2.58 
2.96 
3.09 
3.76 
159.28  
104.64  
104.65  
104.66  
0.47 
0.43 
0.41 
0.39 
-2281.97  
-2030.45  
-2037.67  
-2044.14  
4.53 
8.41 
4.48 
8.01 
-2089.24  
-1875.15  
-1875.17  
-1875.18  
18.42 
17.69 
15.92 
18.05 
-200.48  
-60.00  
-60.00  
-60.00  
11.21 
10.14 
11.32 
12.26 
7.75  
-95.30  
-102.51  
-108.96  
12.62 
14.66 
7.00 
19.64 
-739.96  
-176.67  
-30.08  
-29.01  
54.58 
64.36 
75.68 
87.93 
55.47  
30.00  
30.00  
30.00  
7.69 
8.50 
7.61 
7.03 
-458.36  
-50.00  
-50.00  
-50.00  
1.58 
1.34 
1.14 
0.98 
-337.07  
-156.67  
-10.08  
-9.01  
8.43 
4.45 
3.89 
2.71 
2081.59  
3720.74  
763.70  
5869.23  
2.39 
2.31 
2.11 
1.95 
 
 
